1	0
2	1
3	2
4	1263
5	3
6	4
7	5
8	6
9	7
10	8
11	9
12	10
13	11
14	12
15	13
16	14
17	15
18	16
19	89
20	17
21	18
22	19
23	20
24	21
25	22
26	23
27	24
28	25
29	26
30	27
31	9
32	28
33	29
34	30
35	31
36	32
37	33
38	34
39	35
40	36
41	37
42	38
43	39
44	40
45	41
46	42
47	43
48	44
49	45
50	46
51	47
52	48
53	49
54	50
55	51
56	52
57	53
58	54
59	55
60	56
61	57
62	58
63	59
64	60
65	61
66	62
67	63
68	64
69	65
70	66
71	67
72	68
73	69
74	150
75	70
76	71
77	72
78	73
79	74
80	75
81	76
82	53
83	77
84	78
85	79
86	80
87	81
88	82
89	83
90	84
91	85
92	86
93	54
94	87
95	88
96	89
97	90
98	91
99	92
100	55
101	93
102	94
103	35
104	95
105	96
106	97
107	98
108	99
109	100
110	101
111	102
112	103
113	104
114	105
115	106
116	9
117	107
118	108
119	109
120	110
121	111
122	112
123	113
124	114
125	115
126	105
127	47
128	116
129	117
130	118
131	119
132	120
133	351
134	121
135	103
136	122
137	123
138	124
139	125
140	126
141	127
142	24
143	128
144	129
145	130
146	43
147	131
148	132
149	133
150	134
151	135
152	136
153	137
154	79
155	138
156	139
157	140
158	55
159	73
160	53
161	141
162	142
163	143
164	144
165	145
166	146
167	147
168	148
169	149
170	150
171	151
172	152
173	153
174	154
175	155
176	156
177	53
178	157
179	158
180	159
181	160
182	161
183	162
184	163
185	164
186	165
187	166
188	167
189	55
190	168
191	169
192	170
193	171
194	47
195	172
196	173
197	53
198	174
199	175
200	150
201	176
202	177
203	26
204	107
205	178
206	179
207	180
208	181
209	182
210	183
211	184
212	9
213	185
214	186
215	187
216	93
217	188
218	189
219	190
220	191
221	192
222	24
223	193
224	194
225	195
226	196
227	197
228	198
229	199
230	200
231	201
232	202
233	203
234	204
235	205
236	38
237	168
238	206
239	207
240	208
241	209
242	210
243	211
244	212
245	213
246	214
247	215
248	126
249	216
250	22
251	217
252	218
253	219
254	220
255	47
256	221
257	222
258	223
259	224
260	225
261	226
262	115
263	227
264	228
265	229
266	230
267	231
268	232
269	233
270	234
271	235
272	79
273	236
274	237
275	238
276	239
277	93
278	240
279	241
280	242
281	138
282	243
283	15
284	138
285	244
286	245
287	246
288	247
289	248
290	15
291	249
292	250
293	73
294	251
295	252
296	253
297	254
298	255
299	256
300	55
301	257
302	258
303	259
304	260
305	261
306	262
307	263
308	264
309	265
310	266
311	267
312	268
313	150
314	269
315	121
316	270
317	199
318	304
319	271
320	272
321	273
322	274
323	168
324	18
325	122
326	275
327	276
328	277
329	278
330	279
331	41
332	280
333	281
334	282
335	283
336	284
337	285
338	286
339	287
340	189
341	288
342	103
343	289
344	290
345	291
346	292
347	112
348	293
349	79
350	294
351	295
352	296
353	297
354	298
355	299
356	300
357	301
358	26
359	302
360	303
361	304
362	305
363	306
364	307
365	308
366	309
367	310
368	311
369	312
370	313
371	314
372	315
373	47
374	316
375	317
376	318
377	47
378	144
379	319
380	89
381	320
382	321
383	322
384	105
385	112
386	323
387	324
388	33
389	158
390	325
391	326
392	327
393	328
394	105
395	329
396	330
397	41
398	331
399	310
400	332
401	54
402	333
403	334
404	199
405	335
406	40
407	122
408	137
409	336
410	168
411	337
412	338
413	339
414	340
415	341
416	289
417	342
418	343
419	344
420	345
421	346
422	347
423	348
424	349
425	350
426	137
427	351
428	352
429	353
430	354
431	1035
432	92
433	355
434	333
435	9
436	356
437	238
438	357
439	358
440	126
441	359
442	92
443	360
444	361
445	362
446	363
447	364
448	365
449	299
450	366
451	367
452	18
453	26
454	368
455	107
456	43
457	369
458	370
459	371
460	372
461	373
462	374
463	375
464	376
465	351
466	154
467	377
468	24
469	378
470	379
471	380
472	343
473	381
474	382
475	383
476	384
477	93
478	385
479	386
480	236
481	387
482	388
483	389
484	390
485	391
486	392
487	393
488	394
489	89
490	395
491	396
492	397
493	189
494	398
495	399
496	26
497	400
498	401
499	402
500	403
501	404
502	405
503	406
504	407
505	408
506	409
507	410
508	411
509	412
510	413
511	414
512	17
513	415
514	416
515	299
516	417
517	418
518	419
519	420
520	103
521	421
522	422
523	423
524	424
525	425
526	350
527	282
528	426
529	427
530	428
531	429
532	112
533	430
534	431
535	138
536	432
537	433
538	434
539	435
540	178
541	436
542	437
543	26
544	101
545	438
546	439
547	440
548	441
549	22
550	442
551	443
552	444
553	44
554	445
555	310
556	446
557	447
558	448
559	449
560	15
561	450
562	451
563	158
564	452
565	453
566	121
567	454
568	455
569	299
570	47
571	456
572	457
573	458
574	459
575	460
576	395
577	461
578	462
579	463
580	464
581	465
582	466
583	467
584	2175
585	468
586	469
587	470
588	471
589	472
590	153
591	158
592	473
593	474
594	475
595	476
596	477
597	478
598	479
599	480
600	17
601	481
602	482
603	483
604	484
605	485
606	486
607	487
608	488
609	291
610	489
611	490
612	491
613	189
614	306
615	461
616	492
617	306
618	493
619	494
620	495
621	496
622	351
623	200
624	497
625	498
626	499
627	500
628	501
629	351
630	502
631	15
632	26
633	503
634	53
635	504
636	505
637	291
638	506
639	137
640	507
641	92
642	485
643	508
644	509
645	510
646	299
647	511
648	512
649	33
650	513
651	514
652	515
653	516
654	517
655	518
656	519
657	520
658	521
659	522
660	523
661	38
662	54
663	524
664	525
665	526
666	527
667	189
668	304
669	24
670	161
671	528
672	529
673	22
674	530
675	22
676	531
677	532
678	126
679	503
680	533
681	534
682	535
683	154
684	536
685	537
686	538
687	539
688	540
689	541
690	168
691	542
692	122
693	543
694	199
695	544
696	545
697	93
698	546
699	547
700	548
701	549
702	550
703	551
704	552
705	33
706	553
707	73
708	18
709	554
710	555
711	556
712	248
713	310
714	557
715	558
716	304
717	559
718	9
719	560
720	561
721	153
722	138
723	9
724	47
725	562
726	563
727	289
728	103
729	310
730	564
731	565
732	566
733	567
734	115
735	568
736	569
737	570
738	80
739	571
740	572
741	573
742	574
743	575
744	576
745	55
746	577
747	578
748	579
749	580
750	581
751	582
752	583
753	584
754	585
755	586
756	587
757	55
758	53
759	588
760	217
761	589
762	137
763	590
764	591
765	592
766	593
767	26
768	594
769	595
770	596
771	597
772	310
773	598
774	599
775	600
776	153
777	601
778	199
779	602
780	603
781	604
782	605
783	606
784	607
785	608
786	609
787	310
788	18
789	610
790	33
791	153
792	611
793	612
794	613
795	614
796	290
797	615
798	616
799	617
800	618
801	93
802	619
803	620
804	401
805	621
806	622
807	461
808	623
809	624
810	40
811	625
812	626
813	627
814	628
815	629
816	126
817	43
818	308
819	630
820	631
821	93
822	632
823	633
824	634
825	635
826	636
827	637
828	638
829	137
830	242
831	639
832	44
833	640
834	641
835	642
836	310
837	643
838	15
839	154
840	644
841	645
842	646
843	647
844	92
845	648
846	649
847	650
848	43
849	200
850	150
851	651
852	122
853	304
854	652
855	653
856	654
857	243
858	84
859	655
860	656
861	657
862	658
863	659
864	660
865	661
866	199
867	662
868	663
869	35
870	664
871	665
872	666
873	667
874	668
875	669
876	670
877	671
878	672
879	673
880	674
881	112
882	675
883	676
884	44
885	677
886	678
887	679
888	680
889	681
890	401
891	682
892	1620
893	238
894	683
895	684
896	685
897	686
898	687
899	688
900	689
901	343
902	199
903	161
904	690
905	691
906	692
907	693
908	694
909	695
910	696
911	697
912	153
913	386
914	119
915	698
916	699
917	700
918	161
919	15
920	701
921	702
922	703
923	704
924	705
925	706
926	707
927	708
928	709
929	710
930	711
931	712
932	84
933	713
934	350
935	248
936	714
937	715
938	0
939	118
940	716
941	306
942	717
943	718
944	485
945	719
946	720
947	721
948	684
949	722
950	723
951	724
952	725
953	726
954	727
955	728
956	729
957	730
958	731
959	732
960	733
961	734
962	35
963	47
964	735
965	736
966	22
967	144
968	0
969	737
970	738
971	739
972	740
973	351
974	741
975	742
976	659
977	743
978	744
979	745
980	746
981	747
982	748
983	115
984	749
985	750
986	751
987	752
988	35
989	753
990	754
991	755
992	299
993	121
994	18
995	756
996	757
997	758
998	759
999	760
1000	306
1001	761
1002	395
1003	33
1004	137
1005	762
1006	351
1007	763
1008	53
1009	764
1010	765
1011	766
1012	767
1013	768
1014	769
1015	770
1016	771
1017	199
1018	420
1019	772
1020	773
1021	774
1022	775
1023	126
1024	776
1025	363
1026	92
1027	26
1028	35
1029	777
1030	53
1031	310
1032	199
1033	778
1034	779
1035	780
1036	781
1037	782
1038	783
1039	784
1040	785
1041	786
1042	787
1043	112
1044	788
1045	105
1046	789
1047	790
1048	791
1049	792
1050	793
1051	343
1052	794
1053	795
1054	796
1055	350
1056	199
1057	797
1058	798
1059	799
1060	800
1061	801
1062	150
1063	802
1064	803
1065	804
1066	725
1067	805
1068	150
1069	806
1070	807
1071	351
1072	808
1073	809
1074	126
1075	810
1076	168
1077	811
1078	812
1079	351
1080	200
1081	79
1082	17
1083	813
1084	814
1085	815
1086	299
1087	816
1088	817
1089	818
1090	819
1091	820
1092	821
1093	822
1094	823
1095	824
1096	825
1097	15
1098	15
1099	89
1100	826
1101	827
1102	122
1103	828
1104	103
1105	829
1106	830
1107	831
1108	832
1109	833
1110	834
1111	835
1112	138
1113	836
1114	837
1115	35
1116	89
1117	838
1118	839
1119	840
1120	841
1121	842
1122	843
1123	844
1124	845
1125	846
1126	847
1127	848
1128	849
1129	92
1130	850
1131	851
1132	852
1133	853
1134	854
1135	855
1136	856
1137	857
1138	858
1139	15
1140	713
1141	859
1142	291
1143	860
1144	144
1145	861
1146	862
1147	863
1148	44
1149	864
1150	73
1151	865
1152	138
1153	866
1154	867
1155	461
1156	868
1157	168
1158	869
1159	870
1160	871
1161	684
1162	126
1163	238
1164	15
1165	872
1166	725
1167	53
1168	873
1169	112
1170	333
1171	310
1172	874
1173	875
1174	876
1175	46
1176	877
1177	153
1178	46
1179	878
1180	879
1181	291
1182	258
1183	515
1184	880
1185	881
1186	882
1187	883
1188	199
1189	884
1190	885
1191	886
1192	92
1193	887
1194	888
1195	889
1196	890
1197	891
1198	892
1199	893
1200	894
1201	895
1202	896
1203	38
1204	897
1205	898
1206	899
1207	9
1208	900
1209	901
1210	902
1211	903
1212	904
1213	289
1214	351
1215	905
1216	906
1217	907
1218	908
1219	909
1220	485
1221	910
1222	911
1223	912
1224	913
1225	914
1226	915
1227	154
1228	798
1229	916
1230	917
1231	918
1232	515
1233	363
1234	919
1235	435
1236	920
1237	921
1238	922
1239	158
1240	115
1241	923
1242	43
1243	112
1244	924
1245	26
1246	53
1247	204
1248	925
1249	55
1250	926
1251	53
1252	927
1253	928
1254	929
1255	930
1256	931
1257	932
1258	393
1259	933
1260	58
1261	934
1262	935
1263	936
1264	937
1265	938
1266	939
1267	46
1268	940
1269	941
1270	942
1271	943
1272	944
1273	945
1274	946
1275	947
1276	948
1277	949
1278	93
1279	950
1280	103
1281	951
1282	952
1283	144
1284	200
1285	953
1286	954
1287	92
1288	955
1289	107
1290	956
1291	957
1292	958
1293	959
1294	960
1295	118
1296	961
1297	962
1298	963
1299	964
1300	350
1301	965
1302	966
1303	967
1304	968
1305	969
1306	970
1307	18
1308	150
1309	971
1310	972
1311	973
1312	974
1313	975
1314	22
1315	976
1316	977
1317	978
1318	979
1319	350
1320	980
1321	981
1322	982
1323	983
1324	290
1325	53
1326	984
1327	985
1328	986
1329	987
1330	988
1331	989
1332	990
1333	33
1334	991
1335	992
1336	993
1337	103
1338	994
1339	236
1340	107
1341	995
1342	996
1343	997
1344	199
1345	998
1346	999
1347	1000
1348	122
1349	1001
1350	1002
1351	53
1352	1003
1353	53
1354	1004
1355	93
1356	1005
1357	1006
1358	1007
1359	204
1360	1008
1361	1009
1362	1010
1363	9
1364	648
1365	1011
1366	55
1367	53
1368	351
1369	1012
1370	1013
1371	1014
1372	1015
1373	1016
1374	1017
1375	1018
1376	1019
1377	1020
1378	1021
1379	226
1380	55
1381	35
1382	1022
1383	137
1384	1023
1385	1024
1386	9
1387	1025
1388	1026
1389	1027
1390	1028
1391	1029
1392	1030
1393	1031
1394	1032
1395	1033
1396	1034
1397	1035
1398	1036
1399	1037
1400	1038
1401	204
1402	1039
1403	168
1404	1040
1405	22
1406	26
1407	351
1408	238
1409	1041
1410	115
1411	1042
1412	1043
1413	351
1414	1044
1415	53
1416	1045
1417	1046
1418	1047
1419	217
1420	26
1421	55
1422	9
1423	33
1424	1048
1425	1049
1426	1035
1427	1050
1428	122
1429	1051
1430	150
1431	724
1432	1052
1433	485
1434	1053
1435	122
1436	1054
1437	1055
1438	1056
1439	1057
1440	1058
1441	1059
1442	744
1443	1060
1444	1061
1445	112
1446	1062
1447	1063
1448	150
1449	1064
1450	1065
1451	55
1452	1066
1453	1067
1454	1068
1455	1069
1456	1070
1457	1071
1458	1072
1459	1073
1460	115
1461	1074
1462	200
1463	1075
1464	1076
1465	1077
1466	1078
1467	1035
1468	1079
1469	1080
1470	113
1471	343
1472	1081
1473	1082
1474	1083
1475	1084
1476	1085
1477	122
1478	243
1479	1086
1480	1087
1481	1088
1482	150
1483	395
1484	103
1485	351
1486	144
1487	33
1488	1089
1489	1090
1490	47
1491	1091
1492	189
1493	1092
1494	122
1495	115
1496	1093
1497	153
1498	308
1499	442
1500	47
1501	386
1502	1094
1503	1095
1504	351
1505	26
1506	33
1507	1096
1508	1097
1509	1098
1510	684
1511	1099
1512	1100
1513	350
1514	93
1515	40
1516	1101
1517	1102
1518	299
1519	1103
1520	1104
1521	1105
1522	1106
1523	1107
1524	1108
1525	1109
1526	1110
1527	1111
1528	1112
1529	112
1530	1113
1531	1114
1532	1115
1533	1116
1534	1117
1535	1118
1536	1119
1537	485
1538	1120
1539	304
1540	1121
1541	199
1542	1122
1543	1123
1544	47
1545	1124
1546	1125
1547	1126
1548	1127
1549	1128
1550	1129
1551	1130
1552	1131
1553	1132
1554	500
1555	1133
1556	122
1557	1134
1558	1135
1559	1136
1560	79
1561	1137
1562	289
1563	122
1564	1138
1565	1139
1566	1140
1567	1141
1568	122
1569	1142
1570	1143
1571	18
1572	115
1573	1144
1574	118
1575	1145
1576	1146
1577	1147
1578	1148
1579	1149
1580	1150
1581	1151
1582	1152
1583	1153
1584	1154
1585	199
1586	1155
1587	363
1588	1156
1589	144
1590	126
1591	1157
1592	1158
1593	204
1594	1159
1595	33
1596	1160
1597	131
1598	1161
1599	1162
1600	1163
1601	1164
1602	1165
1603	539
1604	1166
1605	1167
1606	1168
1607	1169
1608	18
1609	1170
1610	594
1611	1171
1612	713
1613	1172
1614	1173
1615	1174
1616	26
1617	1175
1618	189
1619	1176
1620	1177
1621	1178
1622	1179
1623	1180
1624	1181
1625	1182
1626	1183
1627	1184
1628	1185
1629	1186
1630	1187
1631	1188
1632	55
1633	43
1634	1189
1635	226
1636	1190
1637	1191
1638	1192
1639	1193
1640	53
1641	1194
1642	1195
1643	308
1644	1196
1645	1197
1646	1198
1647	9
1648	1199
1649	126
1650	1200
1651	1201
1652	79
1653	1202
1654	1203
1655	1204
1656	1205
1657	1206
1658	168
1659	1207
1660	122
1661	53
1662	1208
1663	1209
1664	1035
1665	113
1666	1210
1667	54
1668	15
1669	1211
1670	1212
1671	1213
1672	158
1673	1214
1674	1215
1675	1216
1676	1217
1677	1218
1678	1219
1679	1220
1680	137
1681	73
1682	299
1683	290
1684	168
1685	1221
1686	1222
1687	1223
1688	1224
1689	1225
1690	406
1691	1226
1692	1227
1693	1228
1694	79
1695	333
1696	158
1697	1229
1698	1230
1699	1231
1700	126
1701	581
1702	43
1703	290
1704	43
1705	1232
1706	1233
1707	1234
1708	1212
1709	161
1710	1235
1711	350
1712	1236
1713	1237
1714	248
1715	949
1716	122
1717	199
1718	1238
1719	1239
1720	26
1721	1240
1722	1241
1723	425
1724	1242
1725	1243
1726	178
1727	304
1728	1244
1729	112
1730	1245
1731	1246
1732	158
1733	1247
1734	113
1735	9
1736	1248
1737	0
1738	154
1739	1249
1740	1250
1741	1251
1742	204
1743	189
1744	1252
1745	1253
1746	1254
1747	1255
1748	112
1749	153
1750	1256
1751	1257
1752	1258
1753	1259
1754	1260
1755	1261
1756	1262
1757	1263
1758	1264
1759	1265
1760	1266
1761	1267
1762	1268
1763	1269
1764	1270
1765	47
1766	1271
1767	1272
1768	1273
1769	144
1770	1274
1771	1275
1772	1276
1773	1277
1774	1278
1775	1279
1776	1280
1777	93
1778	1281
1779	724
1780	1282
1781	1283
1782	119
1783	1284
1784	168
1785	1285
1786	1286
1787	1287
1788	178
1789	35
1790	161
1791	304
1792	248
1793	1288
1794	55
1795	105
1796	1289
1797	1290
1798	1291
1799	1292
1800	291
1801	1293
1802	1294
1803	1295
1804	1296
1805	1297
1806	26
1807	1298
1808	1299
1809	1300
1810	515
1811	1301
1812	18
1813	1302
1814	1303
1815	1304
1816	1305
1817	1306
1818	1307
1819	1308
1820	1309
1821	1310
1822	1311
1823	594
1824	1312
1825	112
1826	1313
1827	833
1828	1314
1829	1315
1830	53
1831	1316
1832	1317
1833	1318
1834	1319
1835	1320
1836	54
1837	1321
1838	1322
1839	1323
1840	243
1841	1263
1842	1324
1843	1325
1844	1326
1845	1327
1846	1328
1847	1329
1848	122
1849	158
1850	1330
1851	313
1852	1331
1853	1332
1854	1333
1855	1334
1856	1335
1857	1336
1858	1337
1859	1338
1860	1339
1861	1340
1862	93
1863	1341
1864	161
1865	43
1866	115
1867	1342
1868	189
1869	1343
1870	1344
1871	1345
1872	1346
1873	1347
1874	199
1875	1348
1876	1349
1877	1350
1878	168
1879	1351
1880	1352
1881	1353
1882	115
1883	395
1884	105
1885	1354
1886	1355
1887	1356
1888	1357
1889	1358
1890	1359
1891	79
1892	1360
1893	1361
1894	118
1895	1362
1896	53
1897	113
1898	115
1899	1363
1900	168
1901	1364
1902	1365
1903	47
1904	1366
1905	1367
1906	1368
1907	118
1908	1369
1909	1370
1910	53
1911	1371
1912	1372
1913	46
1914	47
1915	442
1916	35
1917	26
1918	1373
1919	1374
1920	1375
1921	1376
1922	310
1923	1377
1924	1378
1925	1379
1926	84
1927	1380
1928	911
1929	1381
1930	24
1931	515
1932	1382
1933	1383
1934	1384
1935	1385
1936	1386
1937	154
1938	121
1939	1387
1940	1388
1941	1389
1942	1390
1943	1391
1944	112
1945	1392
1946	9
1947	1393
1948	154
1949	1394
1950	178
1951	154
1952	1395
1953	1396
1954	1397
1955	1398
1956	1399
1957	1400
1958	54
1959	1401
1960	1402
1961	1403
1962	1404
1963	1405
1964	1406
1965	103
1966	1407
1967	1408
1968	1409
1969	1410
1970	1411
1971	1412
1972	1413
1973	705
1974	1414
1975	26
1976	18
1977	1415
1978	1416
1979	26
1980	122
1981	1417
1982	1418
1983	1419
1984	1420
1985	401
1986	1421
1987	1422
1988	1423
1989	1424
1990	1425
1991	1426
1992	290
1993	310
1994	122
1995	1427
1996	1381
1997	1428
1998	1429
1999	1430
2000	1431
2001	1432
2002	310
2003	1433
2004	1434
2005	55
2006	417
2007	44
2008	1435
2009	1436
2010	1437
2011	204
2012	122
2013	1438
2014	1439
2015	1440
2016	55
2017	1441
2018	1442
2019	659
2020	1443
2021	1444
2022	24
2023	122
2024	1445
2025	1446
2026	1447
2027	1448
2028	1449
2029	1450
2030	1451
2031	306
2032	1452
2033	1453
2034	137
2035	1454
2036	122
2037	1455
2038	1456
2039	122
2040	1457
2041	1458
2042	1459
2043	1460
2044	9
2045	1461
2046	1462
2047	15
2048	1463
2049	153
2050	1464
2051	1465
2052	1466
2053	43
2054	1467
2055	1468
2056	1469
2057	1470
2058	1471
2059	1472
2060	1473
2061	1474
2062	1475
2063	1476
2064	1477
2065	103
2066	1478
2067	1479
2068	351
2069	118
2070	1480
2071	1481
2072	1482
2073	1483
2074	150
2075	1484
2076	282
2077	1485
2078	1486
2079	1487
2080	1488
2081	1489
2082	1490
2083	35
2084	1491
2085	420
2086	137
2087	1492
2088	1493
2089	1494
2090	53
2091	1495
2092	122
2093	1496
2094	1497
2095	1498
2096	0
2097	1499
2098	1500
2099	1501
2100	1502
2101	1503
2102	1504
2103	1505
2104	282
2105	126
2106	1506
2107	1507
2108	1508
2109	1509
2110	1510
2111	1511
2112	105
2113	1512
2114	1513
2115	1514
2116	1515
2117	1516
2118	55
2119	1517
2120	55
2121	1518
2122	1519
2123	1520
2124	1521
2125	1522
2126	1523
2127	1524
2128	1525
2129	1526
2130	1527
2131	1528
2132	289
2133	1529
2134	1530
2135	44
2136	1531
2137	1532
2138	1533
2139	1534
2140	503
2141	1535
2142	1536
2143	1537
2144	1538
2145	1539
2146	33
2147	1540
2148	290
2149	199
2150	1541
2151	93
2152	226
2153	1542
2154	1543
2155	1544
2156	1545
2157	1546
2158	1547
2159	1548
2160	1549
2161	199
2162	1550
2163	1551
2164	401
2165	35
2166	137
2167	1552
2168	1553
2169	1554
2170	103
2171	1555
2172	1556
2173	1557
2174	1558
2175	15
2176	1559
2177	1560
2178	1561
2179	1562
2180	200
2181	657
2182	1563
2183	53
2184	1564
2185	1565
2186	1566
2187	153
2188	1567
2189	154
2190	22
2191	1568
2192	1569
2193	1570
2194	1571
2195	189
2196	153
2197	1572
2198	1573
2199	1574
2200	43
2201	47
2202	1575
2203	1576
2204	1577
2205	1578
2206	1579
2207	1580
2208	1581
2209	1582
2210	1583
2211	351
2212	310
2213	1584
2214	79
2215	1585
2216	1586
2217	107
2218	1587
2219	350
2220	158
2221	1588
2222	18
2223	1589
2224	35
2225	1590
2226	1381
2227	1591
2228	304
2229	1592
2230	55
2231	1593
2232	144
2233	1594
2234	1595
2235	1596
2236	1597
2237	35
2238	1598
2239	0
2240	73
2241	724
2242	464
2243	38
2244	1599
2245	1600
2246	1601
2247	1602
2248	1603
2249	1604
2250	1035
2251	1605
2252	1606
2253	1607
2254	1608
2255	137
2256	1609
2257	1610
2258	9
2259	1611
2260	44
2261	1612
2262	1613
2263	1614
2264	1615
2265	118
2266	1616
2267	1617
2268	1618
2269	53
2270	92
2271	1619
2272	594
2273	1620
2274	18
2275	137
2276	1621
2277	53
2278	1622
2279	1623
2280	73
2281	168
2282	1624
2283	1625
2284	1626
2285	1627
2286	310
2287	1628
2288	833
2289	1629
2290	1630
2291	47
2292	115
2293	1631
2294	1632
2295	417
2296	1633
2297	1634
2298	1635
2299	1636
2300	1637
2301	1638
2302	1639
2303	684
2304	18
2305	1640
2306	1641
2307	1642
2308	1643
2309	17
2310	1133
2311	1644
2312	1645
2313	1646
2314	350
2315	22
2316	2175
2317	1647
2318	1648
2319	1649
2320	684
2321	1650
2322	1651
2323	93
2324	150
2325	38
2326	1652
2327	1653
2328	200
2329	1654
2330	1655
2331	1656
2332	1657
2333	1658
2334	1659
2335	1660
2336	1661
2337	247
2338	1662
2339	1663
2340	248
2341	1664
2342	1665
2343	1666
2344	1667
2345	1668
2346	1669
2347	1670
2348	1671
2349	40
2350	1672
2351	1673
2352	1674
2353	1675
2354	101
2355	1676
2356	153
2357	1212
2358	0
2359	1677
2360	308
2361	798
2362	1678
2363	1679
2364	1680
2365	1681
2366	1682
2367	310
2368	1683
2369	1684
2370	122
2371	833
2372	485
2373	605
2374	1685
2375	1686
2376	485
2377	1687
2378	1688
2379	1689
2380	1690
2381	26
2382	1691
2383	1692
2384	1693
2385	53
2386	1694
2387	1695
2388	1227
2389	1696
2390	1697
2391	38
2392	1698
2393	1699
2394	1700
2395	1701
2396	1702
2397	138
2398	1703
2399	138
2400	1704
2401	1705
2402	289
2403	1706
2404	1707
2405	199
2406	1708
2407	80
2408	1709
2409	1710
2410	1711
2411	1712
2412	1713
2413	204
2414	43
2415	1714
2416	291
2417	1715
2418	1716
2419	153
2420	1717
2421	1718
2422	686
2423	84
2424	1719
2425	1720
2426	122
2427	1721
2428	18
2429	1722
2430	1723
2431	1724
2432	1725
2433	1726
2434	47
2435	1727
2436	1728
2437	1729
2438	1730
2439	1731
2440	1732
2441	89
2442	1733
2443	1734
2444	1735
2445	1736
2446	1737
2447	26
2448	1738
2449	1739
2450	351
2451	1740
2452	1741
2453	1742
2454	73
2455	1743
2456	1744
2457	1745
2458	1746
2459	1747
2460	1748
2461	1749
2462	1750
2463	1751
2464	103
2465	1752
2466	684
2467	310
2468	1753
2469	351
2470	1754
2471	44
2472	1755
2473	115
2474	154
2475	1756
2476	1757
2477	1758
2478	333
2479	103
2480	122
2481	1759
2482	1760
2483	105
2484	112
2485	80
2486	1761
2487	1762
2488	204
2489	310
2490	1763
2491	15
2492	1764
2493	306
2494	304
2495	1765
2496	1766
2497	1767
2498	1768
2499	1769
2500	1770
2501	351
2502	1771
2503	1772
2504	122
2505	1773
2506	1774
2507	1775
2508	1776
2509	1777
2510	1778
2511	217
2512	189
2513	911
2514	1779
2515	150
2516	1780
2517	1781
2518	1782
2519	1783
2520	1784
2521	1785
2522	158
2523	350
2524	1786
2525	310
2526	1787
2527	1788
2528	33
2529	161
2530	47
2531	1789
2532	1790
2533	1791
2534	1792
2535	1793
2536	306
2537	291
2538	1794
2539	1795
2540	1796
2541	1797
2542	189
2543	1798
2544	684
2545	1799
2546	1800
2547	154
2548	1801
2549	204
2550	1802
2551	161
2552	1803
2553	1804
2554	1805
2555	1806
2556	18
2557	1807
2558	401
2559	289
2560	1808
2561	1809
2562	1810
2563	1811
2564	103
2565	35
2566	485
2567	1263
2568	1812
2569	1813
2570	1814
2571	0
2572	684
2573	1815
2574	1816
2575	1817
2576	1818
2577	1819
2578	1820
2579	1821
2580	26
2581	1822
2582	1823
2583	299
2584	1824
2585	1825
2586	1826
2587	1827
2588	1828
2589	515
2590	1829
2591	1830
2592	1831
2593	1832
2594	282
2595	1833
2596	150
2597	168
2598	144
2599	1834
2600	1835
2601	15
2602	1836
2603	1837
2604	1838
2605	1839
2606	126
2607	38
2608	211
2609	684
2610	1840
2611	38
2612	1841
2613	1842
2614	1227
2615	153
2616	1843
2617	594
2618	9
2619	1844
2620	1845
2621	1846
2622	1847
2623	1848
2624	1849
2625	1850
2626	1851
2627	1852
2628	1853
2629	1854
2630	46
2631	1855
2632	503
2633	1856
2634	1857
2635	1858
2636	401
2637	1859
2638	1860
2639	1861
2640	1862
2641	1863
2642	105
2643	26
2644	1864
2645	1865
2646	189
2647	137
2648	1866
2649	1867
2650	1868
2651	500
2652	1869
2653	1870
2654	1871
2655	1872
2656	79
2657	242
2658	1873
2659	1874
2660	1875
2661	107
2662	290
2663	1876
2664	1877
2665	93
2666	1878
2667	1879
2668	1880
2669	1881
2670	1882
2671	1883
2672	1884
2673	1885
2674	1886
2675	1887
2676	1263
2677	1888
2678	158
2679	1889
2680	118
2681	1890
2682	1891
2683	1892
2684	1893
2685	1894
2686	1895
2687	103
2688	1896
2689	435
2690	1897
2691	1898
2692	291
2693	1899
2694	1900
2695	705
2696	1901
2697	282
2698	1902
2699	1903
2700	1904
2701	1905
2702	1906
2703	1907
2704	1908
2705	1746
2706	1909
2707	1910
2708	1911
2709	1912
2710	1913
2711	1914
2712	1915
2713	1916
2714	105
2715	1917
2716	1918
2717	1919
2718	200
2719	1920
2720	1921
2721	26
2722	289
2723	1922
2724	168
2725	1923
2726	1924
2727	1925
2728	1926
2729	53
2730	1927
2731	1928
2732	1929
2733	22
2734	1930
2735	1931
2736	137
2737	1932
2738	178
2739	1933
2740	1934
2741	43
2742	1935
2743	1936
2744	1937
2745	1938
2746	9
2747	1939
2748	148
2749	118
2750	1940
2751	1941
2752	290
2753	1942
2754	103
2755	1943
2756	1944
2757	1945
2758	1946
2759	1947
2760	1948
2761	15
2762	53
2763	310
2764	351
2765	1949
2766	1950
2767	1951
2768	1952
2769	1953
2770	1954
2771	1955
2772	1956
2773	1957
2774	1958
2775	1959
2776	1960
2777	1961
2778	1962
2779	105
2780	1963
2781	1964
2782	1965
2783	1966
2784	1967
2785	168
2786	386
2787	1968
2788	290
2789	1969
2790	1970
2791	1971
2792	1972
2793	22
2794	119
2795	1973
2796	838
2797	1974
2798	333
2799	47
2800	138
2801	1975
2802	1976
2803	1977
2804	115
2805	1978
2806	1979
2807	1980
2808	461
2809	1981
2810	15
2811	1982
2812	1983
2813	1984
2814	153
2815	1985
2816	1986
2817	1987
2818	53
2819	1988
2820	1989
2821	46
2822	153
2823	1070
2824	1990
2825	838
2826	1991
2827	1992
2828	419
2829	1993
2830	1994
2831	1995
2832	1996
2833	1997
2834	1998
2835	1999
2836	2000
2837	154
2838	350
2839	2001
2840	2002
2841	2003
2842	2004
2843	33
2844	406
2845	2005
2846	2006
2847	2007
2848	2008
2849	2009
2850	911
2851	290
2852	2010
2853	2011
2854	2012
2855	2013
2856	2014
2857	2015
2858	2016
2859	137
2860	18
2861	2017
2862	2018
2863	2019
2864	2020
2865	2021
2866	248
2867	43
2868	2022
2869	2023
2870	89
2871	2024
2872	2025
2873	2026
2874	401
2875	2027
2876	53
2877	2028
2878	2029
2879	2030
2880	2031
2881	351
2882	2032
2883	2033
2884	2034
2885	2035
2886	2036
2887	2037
2888	204
2889	2038
2890	299
2891	168
2892	2039
2893	2040
2894	2175
2895	306
2896	2041
2897	121
2898	2042
2899	2043
2900	2044
2901	2045
2902	2046
2903	2047
2904	2048
2905	2049
2906	2050
2907	2051
2908	2052
2909	238
2910	55
2911	2053
2912	2054
2913	118
2914	2055
2915	2056
2916	2057
2917	204
2918	290
2919	168
2920	2058
2921	2059
2922	2060
2923	2061
2924	2062
2925	2063
2926	53
2927	2064
2928	112
2929	2065
2930	351
2931	2066
2932	2067
2933	168
2934	2068
2935	2069
2936	2070
2937	562
2938	2071
2939	2072
2940	118
2941	2073
2942	2074
2943	2075
2944	2076
2945	46
2946	2077
2947	2078
2948	2079
2949	2080
2950	2081
2951	2082
2952	2083
2953	2084
2954	118
2955	200
2956	2085
2957	55
2958	2086
2959	2087
2960	304
2961	2088
2962	2089
2963	0
2964	53
2965	2090
2966	204
2967	351
2968	2091
2969	2092
2970	103
2971	2093
2972	178
2973	2094
2974	2095
2975	2096
2976	2097
2977	2098
2978	2099
2979	838
2980	2100
2981	2101
2982	2102
2983	2103
2984	2104
2985	2105
2986	2106
2987	2107
2988	2108
2989	2109
2990	2110
2991	2111
2992	386
2993	2112
2994	2113
2995	2114
2996	79
2997	211
2998	93
2999	2115
3000	306
3001	2116
3002	113
3003	119
3004	2117
3005	2118
3006	121
3007	138
3008	168
3009	2119
3010	2120
3011	2121
3012	2122
3013	2123
3014	226
3015	2124
3016	211
3017	2125
3018	199
3019	2126
3020	15
3021	2127
3022	2128
3023	2129
3024	2130
3025	310
3026	18
3027	189
3028	2131
3029	2132
3030	2133
3031	2134
3032	2135
3033	33
3034	2136
3035	2137
3036	2138
3037	2139
3038	2140
3039	2141
3040	47
3041	2142
3042	2143
3043	92
3044	2144
3045	203
3046	2145
3047	2146
3048	53
3049	2147
3050	2148
3051	2149
3052	2150
3053	2151
3054	2152
3055	2153
3056	2154
3057	2155
3058	2156
3059	2157
3060	2158
3061	2159
3062	2160
3063	2161
3064	2162
3065	2163
3066	2164
3067	189
3068	200
3069	310
3070	18
3071	2165
3072	2166
3073	9
3074	53
3075	310
3076	2167
3077	2168
3078	2169
3079	2170
3080	2171
3081	2172
3082	17
3083	594
3084	2173
3085	17
3086	299
3087	2174
3088	2175
3089	248
3090	2176
3091	35
3092	2177
3093	2178
3094	2179
3095	2180
3096	2181
3097	2182
3098	2183
3099	2184
3100	2185
3101	2186
3102	2187
3103	211
3104	2188
3105	2189
3106	2190
3107	2191
3108	2192
3109	2193
3110	2194
3111	2053
3112	343
3113	306
3114	350
3115	2195
3116	299
3117	712
3118	2196
3119	2197
3120	2198
3121	2199
3122	1212
3123	121
3124	1212
3125	2200
3126	417
3127	2201
3128	2202
3129	2203
3130	2204
3131	89
3132	1759
3133	2205
3134	2206
3135	406
3136	92
3137	2207
3138	310
3139	2208
3140	2209
3141	2210
3142	2211
3143	54
3144	2212
3145	2213
3146	2214
3147	200
3148	2215
3149	2216
3150	304
3151	2217
3152	500
3153	2218
3154	648
3155	107
3156	53
3157	17
3158	401
3159	1035
3160	2219
3161	291
3162	2220
3163	2221
3164	2222
3165	2223
3166	1212
3167	2224
3168	1850
3169	38
3170	2225
3171	2226
3172	485
3173	2227
3174	113
3175	2228
3176	2229
3177	2230
3178	89
3179	55
3180	2231
3181	2232
3182	2233
3183	2234
3184	122
3185	41
3186	2235
3187	2236
3188	310
3189	1759
3190	2237
3191	2238
3192	2239
3193	2240
3194	2241
3195	2242
3196	713
3197	2243
3198	2244
3199	2245
3200	659
3201	2246
3202	2247
3203	2248
3204	2249
3205	2250
3206	2251
3207	2252
3208	79
3209	2253
3210	539
3211	79
3212	2254
3213	137
3214	2255
3215	2256
3216	2257
3217	248
3218	289
3219	137
3220	2258
3221	705
3222	200
3223	2259
3224	2260
3225	2261
3226	55
3227	2262
3228	199
3229	55
3230	113
3231	2263
3232	2264
3233	161
3234	2265
3235	2266
3236	2267
3237	2268
3238	2269
3239	291
3240	2270
3241	2271
3242	2272
3243	2273
3244	41
3245	2274
3246	93
3247	47
3248	2275
3249	2276
3250	1212
3251	2277
3252	515
3253	2278
3254	2279
3255	2280
3256	2281
3257	2282
3258	238
3259	2283
3260	1199
3261	350
3262	2284
3263	2285
3264	26
3265	107
3266	2286
3267	35
3268	17
3269	2287
3270	2288
3271	2289
3272	2290
3273	2291
3274	2292
3275	2293
3276	2294
3277	24
3278	2295
3279	2296
3280	154
3281	47
3282	2297
3283	343
3284	2298
3285	2299
3286	204
3287	2300
3288	2301
3289	2302
3290	2303
3291	84
3292	2304
3293	168
3294	2305
3295	1620
3296	2306
3297	659
3298	2307
3299	154
3300	2308
3301	144
3302	2309
3303	2310
3304	2311
3305	2312
3306	26
3307	2313
3308	199
3309	153
3310	2314
3311	2315
3312	2316
3313	2317
3314	2318
3315	26
3316	2319
3317	22
3318	2320
3319	2321
3320	2322
3321	2323
3322	2324
3323	2325
3324	2326
3325	2327
3326	2328
3327	2329
3328	2330
3329	242
3330	442
3331	2331
3332	2332
3333	2333
3334	2334
3335	55
3336	35
3337	2335
3338	115
3339	2336
3340	2337
3341	2338
3342	2339
3343	2340
3344	425
3345	2341
3346	2342
3347	2343
3348	107
3349	2344
3350	248
3351	2345
3352	2346
3353	2347
3354	2348
3355	2349
3356	204
3357	2350
3358	2351
3359	35
3360	2352
3361	2353
3362	2354
3363	2355
3364	2356
3365	2357
3366	2358
3367	2359
3368	2360
3369	2361
3370	200
3371	2362
3372	2363
3373	2364
3374	2365
3375	47
3376	44
3377	2366
3378	87
3379	1263
3380	2367
3381	295
3382	0
3383	137
3384	122
3385	2368
3386	2369
3387	2370
3388	2371
3389	2372
3390	2373
3391	2374
3392	2375
3393	417
3394	2376
3395	26
3396	2377
3397	2378
3398	2379
3399	2380
3400	485
3401	2381
3402	2382
3403	2383
3404	684
3405	2384
3406	2385
3407	2386
3408	2387
3409	2388
3410	2389
3411	2390
3412	2391
3413	2392
3414	2393
3415	2394
3416	2395
3417	304
3418	2396
3419	2397
3420	2398
3421	2399
3422	2400
3423	2401
3424	15
3425	158
3426	2402
3427	122
3428	2403
3429	2404
3430	2405
3431	2406
3432	55
3433	2407
3434	44
3435	2408
3436	2409
3437	2410
3438	2411
3439	2412
3440	79
3441	2413
3442	2414
3443	2415
3444	2416
3445	107
3446	53
3447	2417
3448	2418
3449	2419
3450	2420
3451	79
3452	43
3453	2421
3454	2422
3455	2423
3456	2424
3457	2425
3458	2426
3459	2427
3460	2428
3461	2429
3462	2430
3463	154
3464	2431
3465	238
3466	22
3467	725
3468	2432
3469	442
3470	105
3471	2433
3472	2434
3473	115
3474	2435
3475	2436
3476	2437
3477	2438
3478	2439
3479	406
3480	2440
3481	2441
3482	189
3483	2442
3484	2443
3485	2444
3486	539
3487	2445
3488	2446
3489	2447
3490	46
3491	144
3492	2448
3493	2449
3494	2450
3495	2451
3496	2452
3497	2453
3498	103
3499	2454
3500	153
3501	2455
3502	310
3503	2456
3504	2457
3505	2458
3506	47
3507	2459
3508	2460
3509	105
3510	2461
3511	2462
3512	47
3513	73
3514	2463
3515	2464
3516	2465
3517	2466
3518	2467
3519	89
3520	2468
3521	2469
3522	705
3523	189
3524	2470
3525	485
3526	2471
3527	122
3528	2472
3529	150
3530	2473
3531	26
3532	2474
3533	684
3534	2475
3535	9
3536	35
3537	417
3538	2476
3539	313
3540	2477
3541	101
3542	2478
3543	2479
3544	2480
3545	2481
3546	2482
3547	2483
3548	122
3549	26
3550	355
3551	2484
3552	833
3553	2485
3554	2486
3555	2487
3556	2488
3557	2489
3558	2490
3559	2491
3560	26
3561	2492
3562	2493
3563	2494
3564	2495
3565	2496
3566	2497
3567	2498
3568	2499
3569	2500
3570	199
3571	122
3572	15
3573	0
3574	2501
3575	105
3576	2502
3577	2503
3578	2504
3579	2505
3580	2506
3581	2507
3582	2508
3583	122
3584	2509
3585	58
3586	2510
3587	2511
3588	2322
3589	204
3590	168
3591	2512
3592	2513
3593	2514
3594	126
3595	137
3596	35
3597	204
3598	2515
3599	2516
3600	2517
3601	126
3602	2518
3603	35
3604	2519
3605	2520
3606	2521
3607	2522
3608	2523
3609	55
3610	2524
3611	107
3612	562
3613	2525
3614	2526
3615	44
3616	118
3617	103
3618	401
3619	2527
3620	122
3621	2528
3622	105
3623	35
3624	2529
3625	2530
3626	2531
3627	2532
3628	2533
3629	204
3630	2534
3631	744
3632	92
3633	350
3634	2535
3635	2536
3636	2537
3637	310
3638	26
3639	2538
3640	2539
3641	1263
3642	2540
3643	2541
3644	2542
3645	2543
3646	2544
3647	89
3648	2541
3649	2545
3650	2546
3651	2547
3652	154
3653	118
3654	103
3655	2548
3656	15
3657	2549
3658	2550
3659	2551
3660	2552
3661	2553
3662	44
3663	355
3664	18
3665	2554
3666	2555
3667	2556
3668	2557
3669	2558
3670	395
3671	2559
3672	168
3673	2560
3674	605
3675	126
3676	2561
3677	15
3678	101
3679	2562
3680	2563
3681	47
3682	2564
3683	2565
3684	2566
3685	2567
3686	1133
3687	2568
3688	2569
3689	2570
3690	2571
3691	113
3692	211
3693	2572
3694	2573
3695	2574
3696	2575
3697	401
3698	2576
3699	2577
3700	47
3701	2578
3702	2579
3703	55
3704	35
3705	2580
3706	2581
3707	2582
3708	2583
3709	137
3710	2584
3711	189
3712	2585
3713	189
3714	2586
3715	1263
3716	2587
3717	44
3718	153
3719	2588
3720	2589
3721	2590
3722	2591
3723	168
3724	2592
3725	1263
3726	105
3727	2593
3728	2594
3729	291
3730	2595
3731	1199
3732	2596
3733	2597
3734	2598
3735	115
3736	2599
3737	2600
3738	2601
3739	2602
3740	2603
3741	2604
3742	2605
3743	2606
3744	2607
3745	2608
3746	2609
3747	2610
3748	2611
3749	395
3750	150
3751	22
3752	289
3753	363
3754	2612
3755	55
3756	2613
3757	2614
3758	2615
3759	44
3760	2616
3761	2617
3762	2618
3763	168
3764	2619
3765	2620
3766	2621
3767	2622
3768	705
3769	2623
3770	2624
3771	2625
3772	2626
3773	2627
3774	2628
3775	425
3776	2629
3777	211
3778	2630
3779	2631
3780	2632
3781	79
3782	395
3783	2633
3784	2634
3785	1035
3786	2635
3787	154
3788	2636
3789	2637
3790	148
3791	44
3792	2638
3793	2639
3794	2640
3795	122
3796	2641
3797	33
3798	2642
3799	33
3800	705
3801	2643
3802	243
3803	2644
3804	89
3805	2645
3806	2646
3807	112
3808	148
3809	2647
3810	2648
3811	2649
3812	2650
3813	46
3814	2651
3815	53
3816	118
3817	122
3818	2652
3819	9
3820	93
3821	2653
3822	168
3823	2654
3824	93
3825	2655
3826	2656
3827	503
3828	2657
3829	2658
3830	2659
3831	2660
3832	46
3833	2661
3834	705
3835	2662
3836	122
3837	2663
3838	2664
3839	2665
3840	248
3841	2666
3842	562
3843	2667
3844	2668
3845	2669
3846	2670
3847	2671
3848	18
3849	35
3850	2672
3851	2673
3852	2674
3853	2675
3854	2676
3855	47
3856	2677
3857	43
3858	2678
3859	2679
3860	2680
3861	118
3862	248
3863	2681
3864	144
3865	2682
3866	2683
3867	2684
3868	2685
3869	2686
3870	2687
3871	2688
3872	1620
3873	2689
3874	310
3875	2690
3876	2691
3877	53
3878	725
3879	35
3880	24
3881	2692
3882	2693
3883	18
3884	148
3885	2694
3886	2695
3887	2696
3888	2697
3889	2698
3890	35
3891	2699
3892	2700
3893	2701
3894	22
3895	2702
3896	333
3897	2703
3898	744
3899	112
3900	2704
3901	310
3902	154
3903	2705
3904	2706
3905	2707
3906	2708
3907	2709
3908	2710
3909	79
3910	724
3911	2711
3912	2712
3913	2713
3914	2714
3915	2715
3916	2716
3917	26
3918	2717
3919	2718
3920	2719
3921	122
3922	2720
3923	464
3924	79
3925	2721
3926	2722
3927	2723
3928	33
3929	33
3930	2724
3931	47
3932	290
3933	2725
3934	43
3935	2726
3936	2727
3937	38
3938	2728
3939	168
3940	2729
3941	442
3942	2730
3943	53
3944	2731
3945	2732
3946	2733
3947	2734
3948	2735
3949	1651
3950	2736
3951	55
3952	2737
3953	2738
3954	2739
3955	2740
3956	18
3957	2741
3958	343
3959	442
3960	150
3961	126
3962	2742
3963	2743
3964	2744
3965	2745
3966	2746
3967	2747
3968	199
3969	2748
3970	355
3971	2749
3972	2750
3973	308
3974	310
3975	406
3976	2751
3977	2752
3978	2753
3979	2754
3980	2755
3981	2756
3982	122
3983	2757
3984	442
3985	1227
3986	798
3987	189
3988	47
3989	2758
3990	55
3991	22
3992	684
3993	2759
3994	2760
3995	15
3996	2761
3997	2762
3998	47
3999	2763
4000	304
4001	168
4002	101
4003	2764
4004	47
4005	89
4006	2765
4007	189
4008	150
4009	2766
4010	137
4011	420
4012	2767
4013	2768
4014	2769
4015	73
4016	2770
4017	2771
4018	2772
4019	2773
4020	2774
4021	2775
4022	2776
4023	2777
4024	2778
4025	2779
4026	2780
4027	310
4028	2781
4029	2782
4030	105
4031	2783
4032	2784
4033	2785
4034	306
4035	2237
4036	2786
4037	15
4038	2787
4039	2788
4040	406
4041	2789
4042	33
4043	2790
4044	2791
4045	18
4046	105
4047	313
4048	2792
4049	2793
4050	15
4051	2794
4052	2795
4053	2796
4054	2797
4055	2798
4056	2799
4057	425
4058	121
4059	2800
4060	115
4061	2801
4062	2802
4063	158
4064	137
4065	2803
4066	2804
4067	2805
4068	2806
4069	2807
4070	2808
4071	153
4072	2809
4073	2810
4074	2811
4075	105
4076	2812
4077	154
4078	2813
4079	93
4080	2814
4081	2815
4082	2816
4083	2817
4084	2053
4085	2818
4086	55
4087	53
4088	2819
4089	2820
4090	35
4091	2821
4092	1227
4093	122
4094	2822
4095	105
4096	2823
4097	2824
4098	2825
4099	33
4100	2826
4101	144
4102	154
4103	2827
4104	2828
4105	2829
4106	2830
4107	2831
4108	2832
4109	310
4110	435
4111	2833
4112	9
4113	107
4114	122
4115	2834
4116	2835
4117	2836
4118	189
4119	2837
4120	2838
4121	2839
4122	2840
4123	2841
4124	2842
4125	2843
4126	2844
4127	2845
4128	2846
4129	2847
4130	2848
4131	2849
4132	2850
4133	168
4134	2851
4135	2852
4136	2853
4137	35
4138	2854
4139	2855
4140	17
4141	2856
4142	2857
4143	2858
4144	2859
4145	2860
4146	150
4147	350
4148	2861
4149	2862
4150	112
4151	2863
4152	137
4153	2864
4154	442
4155	2865
4156	168
4157	2866
4158	2867
4159	310
4160	2868
4161	2869
4162	2870
4163	2871
4164	2872
4165	2873
4166	295
4167	168
4168	299
4169	2874
4170	2875
4171	2876
4172	2877
4173	154
4174	2878
4175	2879
4176	18
4177	122
4178	2880
4179	304
4180	861
4181	2175
4182	2881
4183	2882
4184	2883
4185	150
4186	2884
4187	2885
4188	2886
4189	2887
4190	2888
4191	2889
4192	24
4193	2541
4194	79
4195	2890
4196	798
4197	503
4198	137
4199	47
4200	2891
4201	2892
4202	2893
4203	2894
4204	126
4205	2895
4206	2896
4207	2897
4208	290
4209	2898
4210	2899
4211	2900
4212	44
4213	2901
4214	2902
4215	2903
4216	2904
4217	153
4218	122
4219	2905
4220	2906
4221	289
4222	2907
4223	2908
4224	2909
4225	2910
4226	138
4227	417
4228	112
4229	199
4230	313
4231	2911
4232	2912
4233	2913
4234	2914
4235	2915
4236	53
4237	2916
4238	2917
4239	2918
4240	2919
4241	2920
4242	2921
4243	53
4244	2922
4245	153
4246	2923
4247	2924
4248	2925
4249	1595
4250	2926
4251	2927
4252	2928
4253	2929
4254	2930
4255	2931
4256	2932
4257	2933
4258	351
4259	2934
4260	2935
4261	2936
4262	2937
4263	2938
4264	2939
4265	2940
4266	2941
4267	2942
4268	2943
4269	2944
4270	725
4271	2945
4272	43
4273	2946
4274	53
4275	2947
4276	2948
4277	158
4278	2949
4279	2950
4280	2951
4281	89
4282	79
4283	417
4284	150
4285	35
4286	43
4287	2952
4288	43
4289	2953
4290	2954
4291	2955
4292	112
4293	562
4294	435
4295	2956
4296	289
4297	2957
4298	2958
4299	2959
4300	47
4301	1381
4302	1620
4303	2960
4304	2961
4305	2962
4306	2963
4307	2964
4308	217
4309	2965
4310	2966
4311	539
4312	53
4313	2967
4314	2968
4315	949
4316	1035
4317	2969
4318	1548
4319	2970
4320	2971
4321	2972
4322	2973
4323	18
4324	204
4325	137
4326	2974
4327	2975
4328	2976
4329	363
4330	9
4331	238
4332	2977
4333	2978
4334	350
4335	351
4336	2979
4337	2980
4338	2981
4339	2982
4340	2983
4341	2984
4342	2249
4343	2985
4344	350
4345	2986
4346	1652
4347	2987
4348	2988
4349	2989
4350	35
4351	200
4352	2990
4353	2991
4354	2992
4355	289
4356	199
4357	2993
4358	2994
4359	2995
4360	2996
4361	2997
4362	121
4363	2998
4364	2999
4365	18
4366	3000
4367	35
4368	53
4369	3001
4370	3002
4371	3003
4372	3004
4373	2541
4374	3005
4375	47
4376	3006
4377	949
4378	3007
4379	3008
4380	138
4381	351
4382	3009
4383	3010
4384	713
4385	3011
4386	3012
4387	2334
4388	3013
4389	3014
4390	3015
4391	3016
4392	3017
4393	3018
4394	3019
4395	3020
4396	248
4397	3021
4398	223
4399	3022
4400	3023
4401	204
4402	3024
4403	1199
4404	290
4405	126
4406	103
4407	3025
4408	18
4409	3026
4410	3027
4411	226
4412	3028
4413	3029
4414	3030
4415	3031
4416	3032
4417	112
4418	911
4419	3033
4420	121
4421	3034
4422	3035
4423	838
4424	43
4425	3036
4426	3037
4427	3038
4428	3039
4429	122
4430	3040
4431	3041
4432	3042
4433	3043
4434	3044
4435	204
4436	3045
4437	35
4438	3046
4439	3047
4440	3048
4441	3049
4442	3050
4443	3051
4444	343
4445	3052
4446	3053
4447	9
4448	3054
4449	3055
4450	3056
4451	199
4452	3057
4453	168
4454	3058
4455	3059
4456	3060
4457	3061
4458	3062
4459	3063
4460	18
4461	3064
4462	3065
4463	3066
4464	3067
4465	3068
4466	3069
4467	3070
4468	54
4469	3071
4470	3072
4471	93
4472	3073
4473	3074
4474	3075
4475	3076
4476	3077
4477	3078
4478	1826
4479	3079
4480	112
4481	461
4482	115
4483	79
4484	26
4485	3080
4486	2541
4487	3081
4488	3082
4489	3083
4490	3084
4491	289
4492	3085
4493	112
4494	3086
4495	22
4496	73
4497	1652
4498	3087
4499	199
4500	3088
4501	395
4502	3089
4503	3090
4504	3091
4505	3092
4506	1536
4507	3093
4508	22
4509	3094
4510	351
4511	118
4512	3095
4513	3096
4514	3097
4515	33
4516	3098
4517	3099
4518	118
4519	2541
4520	3100
4521	3101
4522	406
4523	44
4524	137
4525	3102
4526	282
4527	3103
4528	199
4529	3104
4530	594
4531	137
4532	3105
4533	464
4534	3106
4535	3107
4536	3108
4537	3109
4538	3110
4539	3111
4540	1536
4541	3112
4542	53
4543	24
4544	3113
4545	725
4546	3114
4547	3115
4548	3116
4549	3117
4550	105
4551	3118
4552	838
4553	3119
4554	3120
4555	684
4556	103
4557	3121
4558	3122
4559	3123
4560	3124
4561	3125
4562	18
4563	55
4564	3126
4565	89
4566	3127
4567	3128
4568	3129
4569	93
4570	3130
4571	3131
4572	53
4573	3132
4574	3133
4575	118
4576	3134
4577	3135
4578	3136
4579	3137
4580	3138
4581	3139
4582	15
4583	594
4584	137
4585	3140
4586	3141
4587	38
4588	1595
4589	3142
4590	0
4591	3143
4592	3144
4593	417
4594	3145
4595	15
4596	3146
4597	1263
4598	89
4599	401
4600	3147
4601	15
4602	3148
4603	3149
4604	464
4605	3150
4606	103
4607	3151
4608	3152
4609	3153
4610	3154
4611	3155
4612	3156
4613	204
4614	3157
4615	3158
4616	38
4617	3159
4618	744
4619	1755
4620	3160
4621	144
4622	3161
4623	310
4624	3162
4625	112
4626	3163
4627	3164
4628	105
4629	3165
4630	420
4631	3166
4632	3167
4633	3168
4634	3169
4635	47
4636	89
4637	53
4638	3170
4639	3171
4640	3172
4641	3173
4642	648
4643	3174
4644	3175
4645	3176
4646	150
4647	3177
4648	3178
4649	306
4650	3179
4651	103
4652	3180
4653	3181
4654	3182
4655	161
4656	3183
4657	2175
4658	393
4659	3184
4660	500
4661	3185
4662	158
4663	3186
4664	55
4665	3187
4666	3188
4667	3189
4668	3190
4669	3191
4670	238
4671	55
4672	289
4673	3192
4674	3193
4675	3194
4676	3195
4677	3196
4678	1212
4679	3197
4680	3198
4681	3199
4682	3200
4683	118
4684	3201
4685	178
4686	3202
4687	3203
4688	3204
4689	122
4690	3205
4691	3206
4692	112
4693	3207
4694	153
4695	248
4696	73
4697	17
4698	3208
4699	204
4700	3209
4701	3210
4702	3211
4703	3212
4704	3213
4705	168
4706	3214
4707	3215
4708	3216
4709	3217
4710	3218
4711	3219
4712	3220
4713	3221
4714	3222
4715	3223
4716	1263
4717	189
4718	3224
4719	442
4720	3225
4721	3226
4722	3227
4723	189
4724	3228
4725	3229
4726	3230
4727	3231
4728	199
4729	3232
4730	122
4731	949
4732	248
4733	3233
4734	3234
4735	308
4736	290
4737	43
4738	38
4739	3235
4740	3236
4741	3237
4742	3238
4743	3239
4744	3240
4745	3241
4746	3242
4747	9
4748	3243
4749	105
4750	3244
4751	3245
4752	3246
4753	3247
4754	3248
4755	103
4756	3249
4757	158
4758	3250
4759	3251
4760	3252
4761	137
4762	3253
4763	3254
4764	3255
4765	3256
4766	153
4767	3257
4768	562
4769	3258
4770	3259
4771	351
4772	3260
4773	310
4774	3261
4775	3262
4776	310
4777	3263
4778	351
4779	22
4780	3264
4781	154
4782	2845
4783	395
4784	838
4785	3265
4786	3266
4787	3267
4788	3268
4789	9
4790	3269
4791	3270
4792	150
4793	199
4794	3271
4795	1620
4796	3272
4797	3273
4798	3274
4799	3275
4800	3276
4801	137
4802	833
4803	3277
4804	3278
4805	22
4806	3279
4807	833
4808	3280
4809	3281
4810	3282
4811	3283
4812	657
4813	3284
4814	121
4815	3285
4816	299
4817	3286
4818	3287
4819	79
4820	3288
4821	161
4822	3289
4823	911
4824	41
4825	3290
4826	3291
4827	3292
4828	3293
4829	3294
4830	1227
4831	199
4832	3295
4833	3296
4834	3297
4835	58
4836	137
4837	26
4838	3298
4839	105
4840	3299
4841	3300
4842	3301
4843	1035
4844	3302
4845	47
4846	122
4847	3303
4848	3304
4849	3305
4850	18
4851	103
4852	3306
4853	73
4854	33
4855	35
4856	3307
4857	3308
4858	351
4859	53
4860	304
4861	26
4862	15
4863	3309
4864	3310
4865	119
4866	3311
4867	3312
4868	3313
4869	515
4870	204
4871	55
4872	299
4873	3314
4874	350
4875	122
4876	33
4877	15
4878	3315
4879	122
4880	1035
4881	3316
4882	258
4883	3317
4884	3318
4885	115
4886	3319
4887	3320
4888	105
4889	3321
4890	3322
4891	38
4892	3323
4893	3324
4894	72
4895	3325
4896	3326
4897	122
4898	3327
4899	3328
4900	3329
4901	3330
4902	3331
4903	1263
4904	89
4905	3332
4906	3333
4907	154
4908	3334
4909	3335
4910	464
4911	189
4912	3336
4913	3337
4914	3338
4915	3339
4916	55
4917	3340
4918	112
4919	464
4920	3341
4921	3342
4922	3343
4923	9
4924	3344
4925	3345
4926	3346
4927	3347
4928	3348
4929	3349
4930	9
4931	3350
4932	3351
4933	3352
4934	3353
4935	73
4936	3354
4937	500
4938	3355
4939	3356
4940	3357
4941	3358
4942	199
4943	3359
4944	351
4945	1755
4946	3360
4947	2237
4948	3361
4949	3362
4950	3363
4951	3364
4952	3365
4953	3366
4954	153
4955	178
4956	248
4957	3367
4958	3368
4959	1212
4960	3369
4961	3370
4962	3371
4963	158
4964	223
4965	199
4966	3372
4967	3373
4968	3374
4969	3375
4970	3376
4971	3377
4972	3378
4973	3379
4974	3380
4975	3381
4976	3382
4977	35
4978	38
4979	1548
4980	3383
4981	3384
4982	659
4983	3385
4984	3386
4985	3387
4986	22
4987	3388
4988	3389
4989	154
4990	3390
4991	3391
4992	3392
4993	3393
4994	1035
4995	3394
4996	3395
4997	3396
4998	3397
4999	3398
5000	485
5001	54
5002	3399
5003	3400
5004	3401
5005	3402
5006	89
5007	3403
5008	425
5009	3404
5010	103
5011	594
5012	3405
5013	3406
5014	3407
5015	93
5016	103
5017	3408
5018	3409
5019	3410
5020	3411
5021	15
5022	53
5023	3412
5024	3413
5025	3414
5026	3415
5027	3416
5028	211
5029	3417
5030	1035
5031	73
5032	3418
5033	238
5034	18
5035	3419
5036	3420
5037	3421
5038	3422
5039	3423
5040	3424
5041	150
5042	53
5043	3425
5044	3426
5045	3427
5046	101
5047	3428
5048	89
5049	3429
5050	3430
5051	3431
5052	461
5053	18
5054	350
5055	3432
5056	3433
5057	93
5058	203
5059	282
5060	79
5061	55
5062	122
5063	115
5064	3434
5065	3435
5066	178
5067	304
5068	3436
5069	26
5070	3437
5071	435
5072	3438
5073	3439
5074	103
5075	3440
5076	3441
5077	112
5078	3442
5079	3443
5080	3444
5081	3445
5082	3446
5083	3447
5084	3448
5085	26
5086	46
5087	3449
5088	3450
5089	406
5090	3451
5091	3452
5092	3453
5093	3454
5094	3455
5095	3456
5096	3457
5097	3458
5098	3459
5099	3460
5100	3461
5101	3462
5102	3463
5103	3464
5104	562
5105	3465
5106	3466
5107	3467
5108	3468
5109	38
5110	3469
5111	3470
5112	3471
5113	3472
5114	247
5115	3473
5116	3474
5117	3475
5118	138
5119	3476
5120	3477
5121	3478
5122	54
5123	3479
5124	3480
5125	18
5126	949
5127	47
5128	3481
5129	3482
5130	3483
5131	3484
5132	1620
5133	3485
5134	3486
5135	659
5136	3487
5137	3488
5138	3489
5139	3490
5140	3491
5141	3492
5142	3493
5143	3494
5144	3495
5145	3496
5146	3497
5147	3498
5148	3499
5149	3500
5150	47
5151	3501
5152	3502
5153	3503
5154	3504
5155	58
5156	3505
5157	118
5158	15
5159	3506
5160	3507
5161	3508
5162	3509
5163	350
5164	3510
5165	73
5166	9
5167	3511
5168	3512
5169	3513
5170	3514
5171	3515
5172	3516
5173	420
5174	1826
5175	3517
5176	3518
5177	3519
5178	3520
5179	3521
5180	3522
5181	3523
5182	425
5183	3524
5184	3525
5185	3526
5186	9
5187	47
5188	3527
5189	3528
5190	3529
5191	3530
5192	3531
5193	3532
5194	3533
5195	3534
5196	73
5197	3535
5198	3536
5199	161
5200	3537
5201	3538
5202	3539
5203	3540
5204	3541
5205	3542
5206	3543
5207	3544
5208	3545
5209	161
5210	3546
5211	3547
5212	137
5213	3548
5214	3549
5215	3550
5216	304
5217	161
5218	3551
5219	119
5220	148
5221	3552
5222	3553
5223	3554
5224	3555
5225	47
5226	158
5227	3556
5228	3557
5229	3558
5230	363
5231	3559
5232	122
5233	306
5234	3560
5235	3561
5236	3562
5237	204
5238	3563
5239	3564
5240	3565
5241	199
5242	3566
5243	3567
5244	3568
5245	3569
5246	238
5247	122
5248	350
5249	3570
5250	3571
5251	3572
5252	150
5253	1263
5254	3573
5255	3574
5256	3575
5257	3576
5258	3577
5259	118
5260	3578
5261	3579
5262	3580
5263	3581
5264	3582
5265	282
5266	3583
5267	3584
5268	121
5269	3585
5270	406
5271	258
5272	3586
5273	3587
5274	3588
5275	0
5276	3589
5277	113
5278	9
5279	3590
5280	3591
5281	3592
5282	3593
5283	3594
5284	3595
5285	3596
5286	24
5287	15
5288	3597
5289	3598
5290	3599
5291	3600
5292	53
5293	3601
5294	3602
5295	3603
5296	3604
5297	53
5298	3605
5299	485
5300	3606
5301	3607
5302	3608
5303	1850
5304	112
5305	3609
5306	3610
5307	3611
5308	33
5309	3612
5310	3613
5311	3614
5312	35
5313	118
5314	3615
5315	3616
5316	289
5317	3617
5318	3618
5319	3619
5320	3620
5321	3621
5322	3622
5323	43
5324	351
5325	168
5326	3623
5327	3624
5328	3625
5329	657
5330	3626
5331	9
5332	3627
5333	15
5334	118
5335	3628
5336	3629
5337	3630
5338	3631
5339	3632
5340	3633
5341	3634
5342	3635
5343	3636
5344	17
5345	3637
5346	3638
5347	3639
5348	3640
5349	3641
5350	3642
5351	3643
5352	3644
5353	3645
5354	3646
5355	3647
5356	3648
5357	161
5358	3649
5359	461
5360	3650
5361	911
5362	43
5363	3651
5364	3652
5365	3653
5366	3654
5367	3655
5368	350
5369	3656
5370	442
5371	3657
5372	3658
5373	105
5374	3659
5375	122
5376	3660
5377	3661
5378	3662
5379	112
5380	3663
5381	3664
5382	3665
5383	3666
5384	3667
5385	3668
5386	605
5387	3669
5388	306
5389	3670
5390	3671
5391	3672
5392	3673
5393	355
5394	3674
5395	3675
5396	3676
5397	3677
5398	3678
5399	3679
5400	3680
5401	3681
5402	3682
5403	84
5404	200
5405	3683
5406	3684
5407	1850
5408	3685
5409	3686
5410	3687
5411	200
5412	189
5413	310
5414	3688
5415	1652
5416	154
5417	3689
5418	44
5419	406
5420	3690
5421	3691
5422	126
5423	3692
5424	3693
5425	44
5426	3694
5427	33
5428	313
5429	3695
5430	53
5431	3696
5432	3697
5433	3698
5434	3699
5435	3700
5436	3701
5437	35
5438	3702
5439	3703
5440	3704
5441	3705
5442	3706
5443	3707
5444	401
5445	3708
5446	3709
5447	3710
5448	47
5449	3711
5450	35
5451	351
5452	3712
5453	3713
5454	3714
5455	35
5456	3715
5457	3716
5458	3717
5459	138
5460	144
5461	93
5462	3718
5463	3719
5464	291
5465	154
5466	3720
5467	89
5468	3721
5469	3722
5470	3723
5471	3724
5472	705
5473	3725
5474	3726
5475	3727
5476	122
5477	3728
5478	1035
5479	3729
5480	3730
5481	118
5482	833
5483	3731
5484	425
5485	168
5486	3732
5487	47
5488	1126
5489	3733
5490	705
5491	3734
5492	539
5493	247
5494	3735
5495	3736
5496	3737
5497	3738
5498	304
5499	3739
5500	3740
5501	3741
5502	308
5503	3742
5504	79
5505	3743
5506	122
5507	3744
5508	3745
5509	3746
5510	3747
5511	3748
5512	3749
5513	289
5514	3750
5515	73
5516	93
5517	158
5518	3751
5519	3752
5520	3753
5521	47
5522	3754
5523	3755
5524	3756
5525	3757
5526	3758
5527	3759
5528	3760
5529	3761
5530	3762
5531	3763
5532	3764
5533	115
5534	3765
5535	3766
5536	3767
5537	3768
5538	3769
5539	3770
5540	15
5541	22
5542	648
5543	289
5544	304
5545	3771
5546	3772
5547	3773
5548	333
5549	3774
5550	3775
5551	3776
5552	3777
5553	3778
5554	105
5555	3779
5556	79
5557	3780
5558	3781
5559	3782
5560	3783
5561	103
5562	73
5563	115
5564	3784
5565	3785
5566	3786
5567	73
5568	3787
5569	3788
5570	3789
5571	3790
5572	3791
5573	3792
5574	3793
5575	3794
5576	3795
5577	17
5578	3796
5579	1759
5580	350
5581	3797
5582	3798
5583	1263
5584	3799
5585	3800
5586	3801
5587	3802
5588	3803
5589	3804
5590	35
5591	3805
5592	154
5593	3806
5594	3807
5595	168
5596	3808
5597	113
5598	3809
5599	3810
5600	3811
5601	153
5602	154
5603	3812
5604	3813
5605	3814
5606	3815
5607	3816
5608	22
5609	3817
5610	3818
5611	18
5612	3819
5613	3820
5614	121
5615	122
5616	3821
5617	199
5618	3822
5619	3823
5620	3824
5621	3825
5622	15
5623	3826
5624	150
5625	3827
5626	248
5627	87
5628	3828
5629	3829
5630	3830
5631	3831
5632	3832
5633	154
5634	3833
5635	24
5636	417
5637	3834
5638	55
5639	3835
5640	3836
5641	107
5642	306
5643	3837
5644	3838
5645	3839
5646	3840
5647	3841
5648	3842
5649	3843
5650	89
5651	168
5652	118
5653	3844
5654	53
5655	3845
5656	3846
5657	3847
5658	55
5659	103
5660	2322
5661	1212
5662	1652
5663	304
5664	3848
5665	3849
5666	3850
5667	304
5668	121
5669	137
5670	3851
5671	3852
5672	363
5673	3853
5674	3854
5675	3855
5676	168
5677	3856
5678	121
5679	363
5680	3857
5681	3858
5682	3859
5683	3860
5684	3861
5685	115
5686	189
5687	725
5688	3862
5689	3863
5690	3864
5691	3865
5692	3866
5693	3867
5694	3868
5695	3869
5696	3870
5697	3871
5698	3872
5699	3873
5700	153
5701	3874
5702	3875
5703	3876
5704	3877
5705	3878
5706	3879
5707	92
5708	2175
5709	3880
5710	3881
5711	38
5712	24
5713	18
5714	3882
5715	3883
5716	3884
5717	3885
5718	3886
5719	3887
5720	199
5721	35
5722	3888
5723	3889
5724	1199
5725	3890
5726	3891
5727	35
5728	200
5729	3892
5730	351
5731	3893
5732	38
5733	40
5734	3894
5735	3895
5736	3896
5737	3897
5738	3898
5739	126
5740	3899
5741	3900
5742	43
5743	22
5744	137
5745	44
5746	137
5747	3901
5748	3902
5749	304
5750	310
5751	1746
5752	92
5753	386
5754	79
5755	92
5756	3903
5757	3904
5758	3905
5759	40
5760	310
5761	350
5762	3906
5763	406
5764	3907
5765	744
5766	3908
5767	3909
5768	35
5769	9
5770	118
5771	3910
5772	3911
5773	55
5774	73
5775	3912
5776	3913
5777	401
5778	43
5779	3914
5780	1035
5781	0
5782	3915
5783	122
5784	53
5785	3916
5786	3917
5787	1070
5788	3918
5789	26
5790	3919
5791	3920
5792	3921
5793	103
5794	3922
5795	2249
5796	9
5797	168
5798	3923
5799	1263
5800	3924
5801	18
5802	3925
5803	3926
5804	3927
5805	3928
5806	838
5807	3929
5808	3930
5809	3931
5810	3932
5811	3933
5812	3934
5813	3935
5814	299
5815	3936
5816	3937
5817	3938
5818	3939
5819	3940
5820	3941
5821	3942
5822	18
5823	3943
5824	3944
5825	3945
5826	3946
5827	248
5828	3947
5829	148
5830	3948
5831	103
5832	3949
5833	3950
5834	18
5835	310
5836	3951
5837	282
5838	3952
5839	3953
5840	3954
5841	189
5842	3955
5843	3956
5844	3957
5845	594
5846	3958
5847	306
5848	79
5849	3959
5850	79
5851	3960
5852	3961
5853	248
5854	3962
5855	43
5856	3963
5857	3964
5858	3965
5859	18
5860	40
5861	3966
5862	53
5863	3967
5864	238
5865	3968
5866	3969
5867	3970
5868	3971
5869	3972
5870	3973
5871	3974
5872	3975
5873	3976
5874	3977
5875	3978
5876	3979
5877	3980
5878	3981
5879	3982
5880	3983
5881	3984
5882	24
5883	3985
5884	3986
5885	3987
5886	3988
5887	351
5888	3989
5889	154
5890	659
5891	153
5892	53
5893	3990
5894	3991
5895	3992
5896	126
5897	3993
5898	3994
5899	3995
5900	3996
5901	3997
5902	93
5903	308
5904	3998
5905	572
5906	26
5907	73
5908	3999
5909	4000
5910	4001
5911	310
5912	4002
5913	4003
5914	178
5915	26
5916	4004
5917	4005
5918	112
5919	4006
5920	4007
5921	4008
5922	112
5923	38
5924	4009
5925	242
5926	24
5927	243
5928	4010
5929	4011
5930	4012
5931	4013
5932	4014
5933	4015
5934	161
5935	137
5936	4016
5937	4017
5938	442
5939	4018
5940	4019
5941	4020
5942	282
5943	343
5944	4021
5945	203
5946	44
5947	4022
5948	4023
5949	53
5950	4024
5951	4025
5952	47
5953	4026
5954	4027
5955	4028
5956	4029
5957	4030
5958	112
5959	417
5960	121
5961	4031
5962	4032
5963	153
5964	4033
5965	44
5966	4034
5967	4035
5968	351
5969	4036
5970	137
5971	4037
5972	9
5973	363
5974	4038
5975	0
5976	18
5977	4039
5978	4040
5979	4041
5980	4042
5981	4043
5982	705
5983	4044
5984	199
5985	4045
5986	4046
5987	204
5988	4047
5989	79
5990	118
5991	4048
5992	310
5993	4049
5994	4050
5995	4051
5996	4052
5997	122
5998	189
5999	137
6000	38
6001	4053
6002	4054
6003	118
6004	4055
6005	581
6006	4056
6007	4057
6008	1070
6009	4058
6010	4059
6011	289
6012	4060
6013	4061
6014	137
6015	144
6016	4062
6017	1536
6018	4063
6019	200
6020	26
6021	4064
6022	4065
6023	4066
6024	4067
6025	4068
6026	158
6027	1263
6028	350
6029	33
6030	148
6031	89
6032	485
6033	4069
6034	4070
6035	4071
6036	4072
6037	118
6038	79
6039	4073
6040	4074
6041	4075
6042	4076
6043	4077
6044	4078
6045	241
6046	4079
6047	137
6048	112
6049	4080
6050	4081
6051	4082
6052	4083
6053	168
6054	2322
6055	1035
6056	15
6057	4084
6058	4085
6059	103
6060	4086
6061	289
6062	333
6063	4087
6064	4088
6065	41
6066	4089
6067	33
6068	4090
6069	4091
6070	4092
6071	4093
6072	4094
6073	4095
6074	4096
6075	4097
6076	200
6077	4098
6078	4099
6079	4100
6080	310
6081	4101
6082	4102
6083	4103
6084	4104
6085	461
6086	4105
6087	289
6088	515
6089	4106
6090	4107
6091	4108
6092	137
6093	115
6094	47
6095	4109
6096	154
6097	47
6098	4110
6099	4111
6100	46
6101	4112
6102	4113
6103	153
6104	299
6105	289
6106	4114
6107	4115
6108	4116
6109	4117
6110	4118
6111	4119
6112	44
6113	310
6114	4120
6115	838
6116	178
6117	4121
6118	4122
6119	4123
6120	4124
6121	126
6122	1212
6123	4125
6124	150
6125	425
6126	4126
6127	705
6128	4127
6129	4128
6130	4129
6131	118
6132	4130
6133	2175
6134	112
6135	113
6136	4131
6137	105
6138	43
6139	4132
6140	47
6141	4133
6142	4134
6143	4135
6144	53
6145	4136
6146	18
6147	4137
6148	798
6149	4138
6150	4139
6151	4140
6152	4141
6153	798
6154	4142
6155	4143
6156	4144
6157	4145
6158	4146
6159	4147
6160	4148
6161	351
6162	4149
6163	4150
6164	4151
6165	4152
6166	4153
6167	161
6168	4154
6169	4155
6170	4156
6171	204
6172	105
6173	4157
6174	4158
6175	4159
6176	4160
6177	4161
6178	4162
6179	4163
6180	53
6181	4164
6182	4165
6183	4166
6184	4167
6185	4168
6186	503
6187	4169
6188	4170
6189	4171
6190	4172
6191	4173
6192	4174
6193	4175
6194	4176
6195	4177
6196	4178
6197	435
6198	4179
6199	4180
6200	4181
6201	122
6202	4182
6203	33
6204	4183
6205	4184
6206	4185
6207	4186
6208	4187
6209	4188
6210	4189
6211	4190
6212	4191
6213	112
6214	4192
6215	4193
6216	4194
6217	4195
6218	343
6219	4196
6220	22
6221	242
6222	53
6223	4197
6224	485
6225	4198
6226	4199
6227	4200
6228	4201
6229	4202
6230	724
6231	4203
6232	4204
6233	4205
6234	4206
6235	4207
6236	363
6237	18
6238	4208
6239	4209
6240	4210
6241	35
6242	4211
6243	26
6244	4212
6245	4213
6246	22
6247	4214
6248	4215
6249	73
6250	144
6251	168
6252	4216
6253	35
6254	4217
6255	4218
6256	4219
6257	58
6258	4220
6259	4221
6260	417
6261	4222
6262	4223
6263	4224
6264	122
6265	4225
6266	4226
6267	4227
6268	35
6269	4228
6270	4229
6271	4230
6272	4231
6273	43
6274	4232
6275	4233
6276	4234
6277	4235
6278	154
6279	4236
6280	4237
6281	4238
6282	4239
6283	4240
6284	4241
6285	899
6286	4242
6287	343
6288	304
6289	4243
6290	115
6291	291
6292	189
6293	4244
6294	4245
6295	204
6296	343
6297	4246
6298	4247
6299	55
6300	112
6301	4248
6302	4249
6303	4250
6304	4251
6305	4252
6306	289
6307	148
6308	289
6309	53
6310	4253
6311	4254
6312	4255
6313	4256
6314	103
6315	18
6316	4257
6317	4258
6318	684
6319	9
6320	4259
6321	4260
6322	4261
6323	2062
6324	4262
6325	4263
6326	137
6327	4264
6328	79
6329	44
6330	4265
6331	4266
6332	4267
6333	4268
6334	4269
6335	4270
6336	406
6337	4271
6338	310
6339	4272
6340	306
6341	485
6342	4273
6343	282
6344	79
6345	1652
6346	4274
6347	4275
6348	199
6349	4276
6350	4277
6351	798
6352	126
6353	38
6354	103
6355	435
6356	4278
6357	103
6358	4279
6359	4280
6360	4281
6361	122
6362	1755
6363	4282
6364	18
6365	131
6366	355
6367	4283
6368	168
6369	4284
6370	4285
6371	35
6372	306
6373	304
6374	4286
6375	4287
6376	4288
6377	442
6378	154
6379	4289
6380	4290
6381	4291
6382	4292
6383	4293
6384	4294
6385	107
6386	0
6387	4295
6388	4296
6389	4297
6390	4298
6391	22
6392	154
6393	343
6394	4299
6395	4300
6396	4301
6397	4302
6398	44
6399	35
6400	4303
6401	4304
6402	137
6403	40
6404	4305
6405	22
6406	4306
6407	1620
6408	515
6409	4307
6410	4308
6411	24
6412	4309
6413	4310
6414	79
6415	43
6416	4311
6417	122
6418	1652
6419	15
6420	425
6421	4312
6422	833
6423	4313
6424	4314
6425	4315
6426	291
6427	4316
6428	73
6429	4317
6430	4318
6431	199
6432	204
6433	4319
6434	4320
6435	18
6436	310
6437	4321
6438	4322
6439	4323
6440	79
6441	4324
6442	4325
6443	4326
6444	4327
6445	4328
6446	911
6447	137
6448	291
6449	4329
6450	4330
6451	4331
6452	22
6453	17
6454	4332
6455	200
6456	4333
6457	4334
6458	4335
6459	168
6460	199
6461	4336
6462	35
6463	4337
6464	4338
6465	4339
6466	4340
6467	154
6468	4341
6469	4342
6470	204
6471	113
6472	199
6473	103
6474	138
6475	1620
6476	4343
6477	4344
6478	121
6479	4345
6480	351
6481	4346
6482	4347
6483	4348
6484	4349
6485	43
6486	4350
6487	144
6488	15
6489	4351
6490	4352
6491	4353
6492	126
6493	949
6494	4354
6495	33
6496	798
6497	4355
6498	4356
6499	4357
6500	4358
6501	144
6502	4359
6503	4360
6504	4361
6505	299
6506	4362
6507	4363
6508	4364
6509	54
6510	289
6511	351
6512	4365
6513	4366
6514	351
6515	798
6516	122
6517	44
6518	4367
6519	4368
6520	144
6521	4369
6522	4370
6523	4371
6524	4372
6525	112
6526	4373
6527	4374
6528	103
6529	4375
6530	4376
6531	199
6532	138
6533	4377
6534	4378
6535	4379
6536	290
6537	306
6538	4380
6539	4381
6540	4382
6541	4383
6542	4384
6543	4385
6544	47
6545	4386
6546	306
6547	4387
6548	4388
6549	4389
6550	4390
6551	4391
6552	153
6553	153
6554	44
6555	4392
6556	4393
6557	4394
6558	4395
6559	4396
6560	4397
6561	442
6562	4398
6563	4399
6564	4400
6565	33
6566	115
6567	4401
6568	4402
6569	4403
6570	291
6571	93
6572	4404
6573	4405
6574	4406
6575	4407
6576	333
6577	4408
6578	4409
6579	401
6580	406
6581	137
6582	4410
6583	18
6584	137
6585	4411
6586	22
6587	4412
6588	4413
6589	4414
6590	4415
6591	4416
6592	107
6593	4417
6594	4418
6595	4419
6596	2541
6597	121
6598	4420
6599	4421
6600	4422
6601	4423
6602	4424
6603	4425
6604	53
6605	4426
6606	122
6607	4427
6608	4428
6609	4429
6610	4430
6611	47
6612	4431
6613	4432
6614	4433
6615	515
6616	4434
6617	4435
6618	4436
6619	304
6620	4437
6621	4438
6622	4439
6623	333
6624	4440
6625	103
6626	4441
6627	395
6628	4442
6629	4443
6630	4444
6631	4445
6632	351
6633	4446
6634	4447
6635	53
6636	122
6637	4448
6638	153
6639	204
6640	308
6641	24
6642	4449
6643	4450
6644	4451
6645	4452
6646	4453
6647	4454
6648	4455
6649	4456
6650	4457
6651	4458
6652	204
6653	4459
6654	503
6655	4460
6656	4461
6657	113
6658	4462
6659	4463
6660	4464
6661	9
6662	4465
6663	137
6664	4466
6665	150
6666	4467
6667	4468
6668	4469
6669	112
6670	33
6671	92
6672	4470
6673	4471
6674	4472
6675	4473
6676	4474
6677	4475
6678	161
6679	4476
6680	53
6681	4477
6682	4478
6683	949
6684	4479
6685	4480
6686	122
6687	26
6688	1595
6689	154
6690	89
6691	4481
6692	4482
6693	4483
6694	4484
6695	26
6696	4485
6697	4486
6698	310
6699	351
6700	4487
6701	148
6702	4488
6703	4489
6704	4490
6705	355
6706	4491
6707	4492
6708	118
6709	1035
6710	115
6711	4493
6712	4494
6713	4495
6714	684
6715	401
6716	289
6717	2845
6718	26
6719	282
6720	351
6721	4496
6722	248
6723	594
6724	4497
6725	2237
6726	4498
6727	684
6728	4499
6729	4500
6730	4501
6731	4502
6732	4503
6733	4504
6734	92
6735	4505
6736	290
6737	4506
6738	4507
6739	4508
6740	4509
6741	226
6742	4510
6743	2237
6744	26
6745	4511
6746	53
6747	189
6748	4512
6749	350
6750	4513
6751	291
6752	4514
6753	4515
6754	4516
6755	4517
6756	4518
6757	4519
6758	4520
6759	93
6760	4521
6761	4522
6762	4523
6763	4524
6764	4525
6765	79
6766	4526
6767	4527
6768	4528
6769	4529
6770	89
6771	4530
6772	112
6773	4531
6774	4532
6775	4533
6776	4534
6777	4535
6778	89
6779	4536
6780	4537
6781	4538
6782	4539
6783	4540
6784	89
6785	112
6786	9
6787	4541
6788	4542
6789	4543
6790	121
6791	4544
6792	4545
6793	4546
6794	4547
6795	4548
6796	154
6797	4549
6798	4550
6799	4551
6800	200
6801	1052
6802	15
6803	35
6804	4552
6805	304
6806	4553
6807	4554
6808	4555
6809	26
6810	4556
6811	4557
6812	4558
6813	154
6814	442
6815	105
6816	4559
6817	4560
6818	4561
6819	4562
6820	4563
6821	1755
6822	4564
6823	4565
6824	4566
6825	53
6826	4567
6827	4568
6828	4569
6829	58
6830	73
6831	515
6832	103
6833	35
6834	291
6835	4570
6836	4571
6837	148
6838	18
6839	4572
6840	4573
6841	35
6842	4574
6843	4575
6844	798
6845	4576
6846	4577
6847	4578
6848	103
6849	304
6850	4579
6851	442
6852	112
6853	562
6854	838
6855	4580
6856	105
6857	4581
6858	15
6859	89
6860	562
6861	4582
6862	4583
6863	79
6864	4584
6865	2237
6866	4585
6867	798
6868	15
6869	4586
6870	17
6871	4587
6872	107
6873	4588
6874	4589
6875	4590
6876	35
6877	217
6878	4591
6879	4592
6880	4593
6881	4594
6882	4595
6883	121
6884	4596
6885	178
6886	4597
6887	4598
6888	310
6889	310
6890	1746
6891	705
6892	4599
6893	4600
6894	105
6895	4601
6896	4602
6897	4603
6898	4604
6899	4605
6900	199
6901	4606
6902	4607
6903	4608
6904	4609
6905	306
6906	168
6907	4610
6908	4611
6909	4612
6910	4613
6911	4614
6912	4615
6913	93
6914	4616
6915	4617
6916	4618
6917	4619
6918	4620
6919	4621
6920	43
6921	299
6922	4622
6923	4623
6924	4624
6925	4625
6926	4626
6927	4627
6928	87
6929	4628
6930	4629
6931	4630
6932	189
6933	54
6934	4631
6935	4632
6936	4633
6937	464
6938	4634
6939	93
6940	115
6941	248
6942	4635
6943	4636
6944	4637
6945	594
6946	4638
6947	4639
6948	4640
6949	4641
6950	217
6951	2541
6952	4642
6953	4643
6954	24
6955	4644
6956	4645
6957	4646
6958	4647
6959	4648
6960	4649
6961	189
6962	4650
6963	4651
6964	4652
6965	4653
6966	4654
6967	4655
6968	4656
6969	200
6970	310
6971	4657
6972	43
6973	313
6974	4658
6975	204
6976	4659
6977	4660
6978	417
6979	290
6980	4661
6981	40
6982	0
6983	4662
6984	4663
6985	4664
6986	4665
6987	4666
6988	351
6989	4667
6990	4668
6991	47
6992	4669
6993	386
6994	351
6995	4670
6996	306
6997	4671
6998	4672
6999	4673
7000	1759
7001	351
7002	4674
7003	4675
7004	4676
7005	4677
7006	4678
7007	4679
7008	4680
7009	4681
7010	386
7011	290
7012	4682
7013	4683
7014	4684
7015	4685
7016	4686
7017	4687
7018	4688
7019	4689
7020	4690
7021	189
7022	73
7023	4691
7024	4692
7025	24
7026	4693
7027	53
7028	4694
7029	4695
7030	1227
7031	4696
7032	9
7033	4697
7034	47
7035	4698
7036	401
7037	4699
7038	4700
7039	4701
7040	4702
7041	4703
7042	4704
7043	4705
7044	911
7045	112
7046	308
7047	47
7048	4706
7049	4707
7050	4708
7051	4709
7052	4710
7053	105
7054	138
7055	4711
7056	1035
7057	112
7058	725
7059	44
7060	4712
7061	343
7062	4713
7063	4714
7064	4715
7065	4716
7066	150
7067	4717
7068	291
7069	122
7070	199
7071	4718
7072	53
7073	4719
7074	417
7075	4720
7076	4721
7077	4722
7078	153
7079	4723
7080	310
7081	43
7082	150
7083	189
7084	4724
7085	44
7086	204
7087	4725
7088	4726
7089	4727
7090	4728
7091	4729
7092	47
7093	4730
7094	248
7095	4731
7096	4732
7097	4733
7098	189
7099	4734
7100	4735
7101	223
7102	4736
7103	4737
7104	4738
7105	47
7106	4739
7107	4740
7108	4741
7109	4742
7110	55
7111	4743
7112	4744
7113	242
7114	4745
7115	17
7116	4746
7117	4747
7118	4748
7119	4749
7120	79
7121	539
7122	4750
7123	4751
7124	4752
7125	43
7126	4753
7127	119
7128	4754
7129	4755
7130	4756
7131	4757
7132	89
7133	4758
7134	4759
7135	949
7136	289
7137	4760
7138	1133
7139	659
7140	4761
7141	4762
7142	33
7143	4763
7144	4764
7145	4765
7146	4766
7147	4767
7148	144
7149	4768
7150	4769
7151	4770
7152	4771
7153	4772
7154	4773
7155	79
7156	4774
7157	4775
7158	107
7159	4776
7160	1263
7161	4777
7162	4778
7163	4779
7164	4780
7165	4781
7166	350
7167	154
7168	4782
7169	4783
7170	4784
7171	4785
7172	304
7173	93
7174	137
7175	4786
7176	53
7177	4787
7178	4788
7179	4789
7180	4790
7181	4791
7182	724
7183	35
7184	4792
7185	4793
7186	1595
7187	9
7188	4794
7189	4795
7190	137
7191	4796
7192	1035
7193	79
7194	4797
7195	4798
7196	122
7197	4799
7198	4800
7199	310
7200	4801
7201	137
7202	53
7203	55
7204	401
7205	4802
7206	4803
7207	351
7208	4804
7209	4805
7210	308
7211	1035
7212	93
7213	4806
7214	4807
7215	4808
7216	4809
7217	355
7218	1620
7219	4810
7220	204
7221	4811
7222	4812
7223	386
7224	4813
7225	4814
7226	4815
7227	4816
7228	2541
7229	308
7230	4817
7231	4818
7232	4819
7233	725
7234	24
7235	4820
7236	4821
7237	89
7238	4822
7239	4823
7240	4824
7241	4825
7242	4826
7243	4827
7244	4828
7245	395
7246	4829
7247	4830
7248	4831
7249	386
7250	4832
7251	4833
7252	4834
7253	4835
7254	4836
7255	4837
7256	4838
7257	310
7258	306
7259	4839
7260	4840
7261	4841
7262	4842
7263	4843
7264	73
7265	79
7266	248
7267	248
7268	4844
7269	4845
7270	118
7271	4846
7272	4847
7273	4848
7274	4849
7275	89
7276	4850
7277	4851
7278	4852
7279	4853
7280	4854
7281	18
7282	417
7283	4855
7284	112
7285	4856
7286	4857
7287	4858
7288	105
7289	4859
7290	4860
7291	4861
7292	4862
7293	4863
7294	4864
7295	200
7296	223
7297	313
7298	4865
7299	4866
7300	343
7301	35
7302	4867
7303	4868
7304	4869
7305	4870
7306	713
7307	154
7308	4871
7309	4872
7310	4873
7311	138
7312	40
7313	4874
7314	4875
7315	138
7316	243
7317	4876
7318	4877
7319	4878
7320	4879
7321	53
7322	112
7323	18
7324	594
7325	4880
7326	4881
7327	4882
7328	310
7329	4883
7330	4884
7331	4885
7332	503
7333	4886
7334	4887
7335	4888
7336	53
7337	4889
7338	4890
7339	199
7340	4891
7341	204
7342	46
7343	343
7344	4892
7345	4893
7346	4894
7347	4895
7348	4896
7349	386
7350	4897
7351	4898
7352	291
7353	4899
7354	112
7355	417
7356	4900
7357	33
7358	4901
7359	4902
7360	4903
7361	295
7362	168
7363	4904
7364	4905
7365	4906
7366	4907
7367	189
7368	4908
7369	153
7370	4909
7371	4910
7372	4911
7373	79
7374	4912
7375	73
7376	199
7377	4913
7378	4914
7379	420
7380	4915
7381	4916
7382	4917
7383	4918
7384	4919
7385	4920
7386	306
7387	122
7388	4921
7389	4922
7390	217
7391	4923
7392	4924
7393	226
7394	4925
7395	4926
7396	4927
7397	1227
7398	4928
7399	4929
7400	80
7401	4930
7402	4931
7403	4932
7404	4933
7405	4934
7406	515
7407	351
7408	4935
7409	4936
7410	4937
7411	4938
7412	4939
7413	4940
7414	4941
7415	199
7416	4942
7417	4943
7418	4944
7419	243
7420	4945
7421	4946
7422	248
7423	144
7424	4947
7425	4948
7426	1595
7427	126
7428	4949
7429	4950
7430	4951
7431	4952
7432	44
7433	4953
7434	4954
7435	4955
7436	4956
7437	4957
7438	4958
7439	4959
7440	4960
7441	304
7442	118
7443	158
7444	103
7445	4961
7446	4962
7447	137
7448	4963
7449	310
7450	4964
7451	4965
7452	4966
7453	4967
7454	1035
7455	4968
7456	4969
7457	4970
7458	4971
7459	4972
7460	4973
7461	4974
7462	4975
7463	417
7464	4976
7465	144
7466	4977
7467	4978
7468	4979
7469	684
7470	282
7471	299
7472	4980
7473	4981
7474	4982
7475	4983
7476	105
7477	4984
7478	55
7479	4985
7480	204
7481	4986
7482	118
7483	299
7484	26
7485	4987
7486	4988
7487	189
7488	4989
7489	112
7490	4990
7491	92
7492	4991
7493	4992
7494	4993
7495	4994
7496	4995
7497	4996
7498	4997
7499	2845
7500	4998
7501	4999
7502	5000
7503	5001
7504	44
7505	223
7506	5002
7507	5003
7508	5004
7509	350
7510	5005
7511	107
7512	5006
7513	5007
7514	2334
7515	5008
7516	199
7517	5009
7518	122
7519	138
7520	5010
7521	5011
7522	168
7523	5012
7524	5013
7525	168
7526	5014
7527	5015
7528	5016
7529	5017
7530	5018
7531	5019
7532	351
7533	5020
7534	5021
7535	189
7536	5022
7537	5023
7538	313
7539	5024
7540	5025
7541	5026
7542	5027
7543	705
7544	5028
7545	5029
7546	5030
7547	5031
7548	5032
7549	199
7550	5033
7551	333
7552	138
7553	5034
7554	5035
7555	5036
7556	168
7557	5037
7558	5038
7559	107
7560	5039
7561	5040
7562	5041
7563	5042
7564	5043
7565	204
7566	304
7567	684
7568	5044
7569	103
7570	5045
7571	47
7572	18
7573	53
7574	5046
7575	5047
7576	5048
7577	5049
7578	5050
7579	22
7580	5051
7581	217
7582	2175
7583	5052
7584	5053
7585	17
7586	138
7587	713
7588	5054
7589	137
7590	5055
7591	178
7592	5056
7593	5057
7594	5058
7595	310
7596	5059
7597	0
7598	55
7599	5060
7600	22
7601	46
7602	5061
7603	2237
7604	5062
7605	5063
7606	5064
7607	2053
7608	5065
7609	168
7610	5066
7611	137
7612	5067
7613	5068
7614	2541
7615	5069
7616	313
7617	5070
7618	5071
7619	5072
7620	351
7621	306
7622	5073
7623	5074
7624	5075
7625	5076
7626	247
7627	705
7628	282
7629	5077
7630	1227
7631	5078
7632	5079
7633	5080
7634	5081
7635	5082
7636	5083
7637	79
7638	5084
7639	5085
7640	5086
7641	5087
7642	5088
7643	5089
7644	118
7645	5090
7646	2237
7647	5091
7648	158
7649	5092
7650	5093
7651	5094
7652	310
7653	420
7654	53
7655	44
7656	93
7657	87
7658	5095
7659	5096
7660	5097
7661	5098
7662	5099
7663	112
7664	168
7665	5100
7666	5101
7667	5102
7668	5103
7669	5104
7670	5105
7671	5106
7672	5107
7673	5108
7674	40
7675	103
7676	5109
7677	5110
7678	5111
7679	5112
7680	5113
7681	1595
7682	5114
7683	5115
7684	118
7685	89
7686	5116
7687	126
7688	5117
7689	35
7690	5118
7691	5119
7692	289
7693	5120
7694	5121
7695	5122
7696	93
7697	15
7698	5123
7699	5124
7700	5125
7701	5126
7702	5127
7703	5128
7704	44
7705	310
7706	168
7707	223
7708	5129
7709	5130
7710	5131
7711	44
7712	5132
7713	5133
7714	122
7715	55
7716	5134
7717	89
7718	18
7719	350
7720	5135
7721	290
7722	5136
7723	5137
7724	911
7725	5138
7726	5139
7727	5140
7728	137
7729	290
7730	168
7731	5141
7732	684
7733	5142
7734	105
7735	5143
7736	5144
7737	5145
7738	5146
7739	5147
7740	18
7741	5148
7742	5149
7743	93
7744	5150
7745	5151
7746	5152
7747	5153
7748	38
7749	5154
7750	5155
7751	5156
7752	5157
7753	73
7754	5158
7755	18
7756	5159
7757	5160
7758	351
7759	5161
7760	500
7761	5162
7762	5163
7763	363
7764	203
7765	5164
7766	290
7767	5165
7768	5166
7769	5167
7770	5168
7771	199
7772	5169
7773	93
7774	306
7775	5170
7776	5171
7777	5172
7778	5173
7779	5174
7780	5175
7781	291
7782	5176
7783	53
7784	5177
7785	5178
7786	22
7787	282
7788	5179
7789	5180
7790	5181
7791	5182
7792	5183
7793	5184
7794	5185
7795	5186
7796	5187
7797	5188
7798	5189
7799	5190
7800	189
7801	5191
7802	189
7803	5192
7804	138
7805	5193
7806	5194
7807	18
7808	178
7809	153
7810	5195
7811	53
7812	5196
7813	150
7814	291
7815	5197
7816	5198
7817	5199
7818	5200
7819	5201
7820	798
7821	5202
7822	92
7823	5203
7824	5204
7825	5205
7826	5206
7827	386
7828	5207
7829	5208
7830	5209
7831	306
7832	310
7833	5210
7834	118
7835	137
7836	5211
7837	464
7838	5212
7839	5213
7840	5214
7841	5215
7842	5216
7843	22
7844	5217
7845	5218
7846	5219
7847	93
7848	5220
7849	5221
7850	112
7851	144
7852	5222
7853	5223
7854	5224
7855	115
7856	5225
7857	5226
7858	5227
7859	5228
7860	44
7861	5229
7862	5230
7863	304
7864	5231
7865	5232
7866	5233
7867	5234
7868	306
7869	5235
7870	5236
7871	5237
7872	5238
7873	299
7874	53
7875	5239
7876	5240
7877	5241
7878	2541
7879	5242
7880	5243
7881	5244
7882	55
7883	5245
7884	5246
7885	5247
7886	684
7887	5248
7888	5249
7889	5250
7890	5251
7891	5252
7892	122
7893	236
7894	26
7895	5253
7896	5254
7897	310
7898	5255
7899	15
7900	113
7901	5256
7902	5257
7903	417
7904	5258
7905	5259
7906	5260
7907	5261
7908	485
7909	5262
7910	5263
7911	2237
7912	5264
7913	5265
7914	126
7915	5266
7916	5267
7917	137
7918	290
7919	5268
7920	80
7921	5269
7922	5270
7923	5271
7924	5272
7925	115
7926	5273
7927	238
7928	1035
7929	5274
7930	38
7931	121
7932	5275
7933	395
7934	5276
7935	5277
7936	5278
7937	5279
7938	9
7939	5280
7940	5281
7941	5282
7942	5283
7943	154
7944	5284
7945	3796
7946	5285
7947	103
7948	5286
7949	304
7950	5287
7951	5288
7952	425
7953	5289
7954	161
7955	5290
7956	5291
7957	53
7958	5292
7959	5293
7960	306
7961	5294
7962	5295
7963	15
7964	5296
7965	5297
7966	5298
7967	5299
7968	5300
7969	5301
7970	47
7971	5302
7972	107
7973	5303
7974	304
7975	5304
7976	200
7977	5305
7978	5306
7979	5307
7980	5308
7981	47
7982	363
7983	2249
7984	5309
7985	5310
7986	5311
7987	5312
7988	150
7989	5313
7990	5314
7991	54
7992	199
7993	5315
7994	5316
7995	5317
7996	5318
7997	5319
7998	5320
7999	5321
8000	5322
8001	1620
8002	5323
8003	5324
8004	137
8005	5325
8006	333
8007	395
8008	648
8009	5326
8010	5327
8011	5328
8012	189
8013	5329
8014	9
8015	5330
8016	5331
8017	5332
8018	5333
8019	1212
8020	189
8021	5334
8022	35
8023	5335
8024	153
8025	5336
8026	5337
8027	189
8028	5338
8029	5339
8030	5340
8031	5341
8032	5342
8033	5343
8034	35
8035	659
8036	5344
8037	242
8038	5345
8039	5346
8040	5347
8041	5348
8042	5349
8043	5350
8044	5351
8045	5352
8046	5353
8047	5354
8048	5355
8049	5356
8050	5357
8051	121
8052	5358
8053	53
8054	5359
8055	5360
8056	137
8057	5361
8058	5362
8059	5363
8060	15
8061	154
8062	115
8063	5364
8064	137
8065	15
8066	5365
8067	122
8068	43
8069	0
8070	503
8071	5366
8072	5367
8073	5368
8074	154
8075	5369
8076	5370
8077	5371
8078	5372
8079	5373
8080	5374
8081	107
8082	5375
8083	5376
8084	5377
8085	5378
8086	47
8087	5379
8088	5380
8089	308
8090	5381
8091	5382
8092	5383
8093	5384
8094	5385
8095	248
8096	5386
8097	5387
8098	5388
8099	5389
8100	442
8101	89
8102	5390
8103	112
8104	5391
8105	1381
8106	5392
8107	5393
8108	5394
8109	1652
8110	112
8111	5395
8112	5396
8113	103
8114	5397
8115	1070
8116	5398
8117	115
8118	5399
8119	5400
8120	5401
8121	204
8122	18
8123	15
8124	724
8125	5402
8126	5403
8127	5404
8128	0
8129	5405
8130	401
8131	5406
8132	5407
8133	46
8134	911
8135	154
8136	5408
8137	1070
8138	5409
8139	5410
8140	5411
8141	503
8142	5412
8143	5413
8144	73
8145	282
8146	217
8147	5414
8148	5415
8149	15
8150	5416
8151	5417
8152	5418
8153	5419
8154	5420
8155	204
8156	126
8157	5421
8158	5422
8159	47
8160	223
8161	5423
8162	5424
8163	713
8164	5425
8165	5426
8166	5427
8167	5428
8168	5429
8169	5430
8170	5431
8171	9
8172	5432
8173	5433
8174	5434
8175	5435
8176	5436
8177	89
8178	5437
8179	5438
8180	5439
8181	2062
8182	343
8183	304
8184	5440
8185	5441
8186	47
8187	395
8188	5442
8189	5443
8190	5444
8191	5445
8192	5446
8193	44
8194	226
8195	5447
8196	5448
8197	5449
8198	103
8199	1548
8200	89
8201	35
8202	5450
8203	1070
8204	5451
8205	5452
8206	121
8207	5453
8208	107
8209	725
8210	5454
8211	9
8212	5455
8213	144
8214	5456
8215	5457
8216	289
8217	150
8218	5458
8219	5459
8220	101
8221	5460
8222	5461
8223	5462
8224	5463
8225	1035
8226	5464
8227	5465
8228	5466
8229	5467
8230	18
8231	105
8232	5468
8233	333
8234	5469
8235	5470
8236	5471
8237	5472
8238	168
8239	5473
8240	26
8241	2237
8242	18
8243	5474
8244	26
8245	5475
8246	5476
8247	5477
8248	5478
8249	121
8250	5479
8251	199
8252	684
8253	158
8254	5480
8255	5481
8256	5482
8257	5483
8258	5484
8259	657
8260	5485
8261	178
8262	38
8263	5486
8264	5487
8265	5488
8266	395
8267	153
8268	5489
8269	5490
8270	5491
8271	5492
8272	5493
8273	5494
8274	93
8275	5495
8276	5496
8277	713
8278	5497
8279	5498
8280	363
8281	5499
8282	5500
8283	5501
8284	5502
8285	5503
8286	73
8287	217
8288	5504
8289	22
8290	5505
8291	112
8292	35
8293	5506
8294	5507
8295	5508
8296	5509
8297	112
8298	5510
8299	5511
8300	5512
8301	199
8302	5513
8303	5514
8304	118
8305	53
8306	5515
8307	5516
8308	5517
8309	5518
8310	5519
8311	5520
8312	5521
8313	304
8314	5522
8315	5523
8316	5524
8317	5525
8318	5526
8319	5527
8320	5528
8321	105
8322	5529
8323	5530
8324	5531
8325	89
8326	5532
8327	5533
8328	5534
8329	5535
8330	5536
8331	5537
8332	5538
8333	5539
8334	304
8335	5540
8336	5541
8337	5542
8338	5543
8339	5544
8340	5545
8341	5546
8342	5547
8343	5548
8344	40
8345	304
8346	5549
8347	168
8348	137
8349	295
8350	107
8351	5550
8352	2540
8353	168
8354	5551
8355	38
8356	5552
8357	5553
8358	5554
8359	168
8360	5555
8361	150
8362	5556
8363	5557
8364	131
8365	5558
8366	5559
8367	55
8368	401
8369	119
8370	5560
8371	350
8372	5561
8373	2334
8374	333
8375	5562
8376	5563
8377	5564
8378	5565
8379	5566
8380	5567
8381	5568
8382	5569
8383	5570
8384	5571
8385	5572
8386	5573
8387	5574
8388	137
8389	103
8390	5575
8391	5576
8392	2845
8393	5577
8394	5578
8395	5579
8396	5580
8397	5581
8398	5582
8399	1620
8400	5583
8401	236
8402	5584
8403	5585
8404	115
8405	84
8406	684
8407	289
8408	5586
8409	5587
8410	33
8411	73
8412	5588
8413	3931
8414	5589
8415	5590
8416	204
8417	26
8418	503
8419	5591
8420	485
8421	1212
8422	5592
8423	5593
8424	5594
8425	5595
8426	5596
8427	5597
8428	5598
8429	5599
8430	5600
8431	5601
8432	5602
8433	425
8434	5603
8435	5604
8436	131
8437	137
8438	5605
8439	5606
8440	594
8441	26
8442	5607
8443	5608
8444	105
8445	313
8446	5609
8447	310
8448	5610
8449	5611
8450	306
8451	79
8452	5612
8453	5613
8454	5614
8455	5615
8456	248
8457	833
8458	258
8459	92
8460	15
8461	5616
8462	5617
8463	5618
8464	5619
8465	406
8466	5620
8467	5621
8468	119
8469	5622
8470	43
8471	5623
8472	5624
8473	79
8474	44
8475	5625
8476	47
8477	304
8478	5626
8479	5627
8480	5628
8481	343
8482	5629
8483	5630
8484	121
8485	5631
8486	126
8487	5632
8488	5633
8489	5634
8490	5635
8491	5636
8492	5637
8493	5638
8494	5639
8495	5640
8496	5641
8497	5642
8498	200
8499	5643
8500	92
8501	18
8502	17
8503	1746
8504	299
8505	1595
8506	5644
8507	1620
8508	22
8509	5645
8510	5646
8511	5647
8512	154
8513	5648
8514	5649
8515	168
8516	5650
8517	5651
8518	5652
8519	112
8520	5653
8521	290
8522	35
8523	5654
8524	5655
8525	55
8526	5656
8527	350
8528	5657
8529	5658
8530	500
8531	5659
8532	115
8533	5660
8534	5661
8535	73
8536	5662
8537	5663
8538	144
8539	22
8540	5664
8541	5665
8542	5666
8543	5667
8544	178
8545	5668
8546	5669
8547	144
8548	299
8549	5670
8550	1826
8551	5671
8552	5672
8553	5673
8554	5674
8555	5675
8556	5676
8557	144
8558	684
8559	289
8560	5677
8561	204
8562	5678
8563	118
8564	126
8565	4572
8566	5679
8567	122
8568	5680
8569	5681
8570	5682
8571	5683
8572	5684
8573	562
8574	833
8575	5685
8576	22
8577	5686
8578	89
8579	33
8580	47
8581	306
8582	5687
8583	223
8584	5688
8585	126
8586	168
8587	5689
8588	103
8589	5690
8590	5691
8591	1133
8592	5692
8593	5693
8594	107
8595	5694
8596	5695
8597	248
8598	5696
8599	310
8600	5697
8601	5698
8602	5699
8603	5700
8604	144
8605	5701
