1	2
2	0
3	1
4	2
5	3
6	4
7	5
8	6
9	7
10	8
11	9
12	10
13	11
14	12
15	13
16	14
17	9
18	15
19	9
20	16
21	17
22	18
23	19
24	20
25	9
26	21
27	9
28	22
29	23
30	24
31	9
32	25
33	26
34	27
35	28
36	29
37	17
38	30
39	9
40	31
41	32
42	33
43	34
44	23
45	17
46	35
47	2
48	9
49	36
50	2
51	2
52	37
53	38
54	39
55	40
56	41
57	42
58	67
59	42
60	43
61	44
62	17
63	45
64	46
65	47
66	48
67	49
68	50
69	51
70	52
71	53
72	54
73	9
74	2
75	55
76	56
77	42
78	2
79	57
80	58
81	59
82	42
83	60
84	61
85	9
86	9
87	62
88	63
89	64
90	16
91	65
92	66
93	67
94	2
95	68
96	9
97	69
98	70
99	2
100	42
101	23
102	71
103	9
104	72
105	73
106	74
107	75
108	76
109	77
110	23
111	78
112	17
113	79
114	9
115	80
116	9
117	81
118	82
119	83
120	84
121	85
122	81
123	9
124	86
125	9
126	9
127	2
128	87
129	88
130	2
131	16
132	89
133	2
134	9
135	17
136	23
137	90
138	91
139	92
140	9
141	93
142	9
143	94
144	95
145	96
146	2
147	17
148	97
149	98
150	99
151	100
152	101
153	2
154	9
155	102
156	103
157	104
158	42
159	2
160	42
161	105
162	106
163	107
164	9
165	108
166	109
167	110
168	2
169	111
170	2
171	112
172	113
173	9
174	42
175	114
176	115
177	42
178	116
179	9
180	117
181	118
182	2
183	119
184	120
185	121
186	122
187	123
188	124
189	42
190	33
191	125
192	126
193	127
194	2
195	128
196	129
197	42
198	130
199	131
200	2
201	132
202	133
203	23
204	81
205	2
206	134
207	135
208	136
209	137
210	138
211	139
212	9
213	140
214	141
215	142
216	23
217	143
218	102
219	144
220	145
221	146
222	9
223	147
224	148
225	149
226	150
227	151
228	152
229	9
230	23
231	153
232	154
233	33
234	2
235	155
236	33
237	33
238	156
239	157
240	9
241	158
242	159
243	17
244	160
245	161
246	162
247	163
248	9
249	164
250	9
251	17
252	165
253	166
254	167
255	2
256	168
257	169
258	170
259	171
260	172
261	23
262	9
263	173
264	174
265	175
266	176
267	177
268	178
269	179
270	180
271	181
272	9
273	2
274	182
275	17
276	183
277	23
278	184
279	9
280	42
281	102
282	81
283	9
284	102
285	185
286	186
287	187
288	17
289	16
290	9
291	188
292	189
293	2
294	190
295	191
296	192
297	193
298	194
299	195
300	42
301	9
302	2
303	196
304	197
305	198
306	199
307	200
308	201
309	202
310	203
311	204
312	205
313	2
314	206
315	9
316	207
317	9
318	23
319	208
320	209
321	210
322	211
323	33
324	17
325	23
326	212
327	213
328	214
329	215
330	216
331	17
332	217
333	218
334	23
335	219
336	220
337	221
338	222
339	223
340	102
341	224
342	17
343	2
344	9
345	2
346	225
347	226
348	227
349	9
350	228
351	23
352	229
353	230
354	231
355	23
356	232
357	233
358	23
359	234
360	235
361	23
362	236
363	17
364	237
365	9
366	238
367	102
368	239
369	240
370	33
371	241
372	242
373	2
374	243
375	244
376	245
377	2
378	9
379	246
380	9
381	247
382	248
383	249
384	9
385	81
386	250
387	251
388	17
389	9
390	252
391	253
392	254
393	255
394	9
395	256
396	257
397	17
398	258
399	102
400	259
401	67
402	9
403	260
404	9
405	261
406	23
407	23
408	2
409	262
410	33
411	263
412	264
413	265
414	266
415	267
416	2
417	268
418	2
419	269
420	270
421	271
422	272
423	273
424	274
425	33
426	2
427	2
428	275
429	276
430	277
431	2
432	2
433	17
434	9
435	9
436	278
437	17
438	279
439	280
440	9
441	281
442	2
443	282
444	283
445	284
446	23
447	285
448	286
449	23
450	287
451	288
452	17
453	23
454	289
455	81
456	2
457	290
458	291
459	292
460	293
461	294
462	295
463	296
464	297
465	2
466	42
467	298
468	9
469	299
470	300
471	301
472	2
473	302
474	303
475	304
476	305
477	23
478	306
479	2
480	2
481	307
482	308
483	309
484	310
485	311
486	312
487	2
488	313
489	9
490	2
491	314
492	315
493	102
494	316
495	317
496	23
497	318
498	2
499	319
500	320
501	321
502	322
503	9
504	323
505	324
506	325
507	326
508	327
509	328
510	329
511	330
512	16
513	331
514	332
515	23
516	33
517	333
518	9
519	9
520	17
521	334
522	335
523	336
524	337
525	42
526	33
527	23
528	338
529	339
530	340
531	341
532	81
533	342
534	343
535	102
536	344
537	345
538	346
539	2
540	2
541	347
542	348
543	23
544	23
545	349
546	350
547	351
548	352
549	9
550	67
551	353
552	354
553	9
554	355
555	102
556	356
557	357
558	358
559	359
560	9
561	360
562	361
563	9
564	362
565	363
566	9
567	364
568	365
569	23
570	2
571	366
572	367
573	368
574	369
575	370
576	2
577	2
578	371
579	372
580	67
581	373
582	374
583	375
584	9
585	376
586	377
587	378
588	379
589	380
590	9
591	9
592	381
593	382
594	383
595	384
596	385
597	386
598	387
599	388
600	16
601	389
602	390
603	391
604	392
605	9
606	393
607	394
608	395
609	2
610	396
611	397
612	398
613	102
614	17
615	2
616	399
617	17
618	400
619	401
620	402
621	403
622	2
623	23
624	404
625	405
626	406
627	2
628	407
629	2
630	408
631	9
632	23
633	9
634	42
635	409
636	410
637	2
638	411
639	2
640	412
641	2
642	9
643	413
644	414
645	415
646	23
647	416
648	417
649	17
650	418
651	419
652	2
653	420
654	421
655	422
656	423
657	424
658	425
659	426
660	427
661	33
662	2
663	428
664	429
665	430
666	431
667	102
668	23
669	9
670	2
671	432
672	433
673	9
674	434
675	9
676	435
677	436
678	9
679	9
680	437
681	438
682	439
683	42
684	440
685	441
686	442
687	2
688	443
689	444
690	33
691	445
692	23
693	446
694	9
695	447
696	448
697	23
698	449
699	450
700	451
701	452
702	453
703	454
704	455
705	17
706	456
707	2
708	17
709	457
710	458
711	459
712	16
713	102
714	460
715	461
716	23
717	462
718	9
719	463
720	464
721	465
722	102
723	9
724	2
725	23
726	466
727	2
728	17
729	102
730	467
731	468
732	469
733	470
734	9
735	471
736	472
737	473
738	9
739	474
740	9
741	475
742	476
743	477
744	478
745	42
746	479
747	480
748	481
749	482
750	2
751	483
752	484
753	485
754	486
755	487
756	488
757	42
758	42
759	489
760	17
761	490
762	2
763	491
764	492
765	493
766	494
767	23
768	17
769	495
770	496
771	497
772	102
773	498
774	499
775	500
776	9
777	501
778	9
779	502
780	503
781	504
782	9
783	505
784	506
785	507
786	508
787	102
788	17
789	509
790	17
791	9
792	510
793	511
794	512
795	513
796	9
797	514
798	515
799	516
800	517
801	23
802	518
803	519
804	2
805	520
806	521
807	2
808	522
809	523
810	23
811	524
812	525
813	526
814	527
815	528
816	9
817	2
818	9
819	529
820	530
821	23
822	531
823	532
824	533
825	534
826	535
827	536
828	537
829	2
830	42
831	538
832	9
833	539
834	540
835	541
836	102
837	542
838	9
839	42
840	543
841	544
842	545
843	546
844	2
845	2
846	547
847	548
848	2
849	23
850	2
851	549
852	23
853	23
854	550
855	551
856	552
857	81
858	16
859	553
860	554
861	9
862	555
863	23
864	556
865	557
866	9
867	558
868	559
869	9
870	560
871	561
872	562
873	563
874	564
875	565
876	566
877	567
878	568
879	569
880	570
881	81
882	571
883	572
884	9
885	573
886	574
887	575
888	576
889	577
890	2
891	578
892	102
893	17
894	579
895	16
896	580
897	17
898	581
899	582
900	583
901	2
902	9
903	2
904	584
905	585
906	586
907	587
908	588
909	589
910	590
911	591
912	9
913	2
914	16
915	592
916	593
917	594
918	2
919	9
920	595
921	596
922	597
923	598
924	9
925	599
926	600
927	601
928	602
929	603
930	604
931	605
932	16
933	2
934	33
935	16
936	606
937	607
938	2
939	2
940	608
941	17
942	609
943	610
944	9
945	611
946	612
947	613
948	16
949	614
950	615
951	2
952	23
953	2
954	616
955	617
956	618
957	619
958	620
959	621
960	622
961	623
962	9
963	2
964	624
965	625
966	9
967	9
968	2
969	626
970	627
971	628
972	629
973	2
974	630
975	631
976	23
977	632
978	2
979	633
980	634
981	635
982	636
983	9
984	637
985	638
986	639
987	640
988	9
989	641
990	642
991	643
992	23
993	9
994	17
995	644
996	645
997	646
998	647
999	648
1000	17
1001	649
1002	2
1003	17
1004	2
1005	650
1006	2
1007	651
1008	42
1009	652
1010	653
1011	654
1012	655
1013	656
1014	657
1015	658
1016	659
1017	9
1018	9
1019	660
1020	661
1021	662
1022	663
1023	9
1024	664
1025	23
1026	2
1027	23
1028	9
1029	665
1030	42
1031	102
1032	9
1033	666
1034	667
1035	668
1036	669
1037	670
1038	671
1039	672
1040	673
1041	674
1042	675
1043	81
1044	676
1045	9
1046	677
1047	678
1048	679
1049	680
1050	2
1051	2
1052	681
1053	682
1054	683
1055	33
1056	9
1057	684
1058	9
1059	685
1060	686
1061	687
1062	2
1063	688
1064	689
1065	690
1066	23
1067	691
1068	2
1069	692
1070	693
1071	2
1072	694
1073	695
1074	9
1075	696
1076	33
1077	697
1078	698
1079	699
1080	23
1081	9
1082	16
1083	700
1084	701
1085	702
1086	23
1087	703
1088	704
1089	705
1090	706
1091	707
1092	708
1093	709
1094	710
1095	711
1096	712
1097	9
1098	9
1099	9
1100	713
1101	714
1102	23
1103	715
1104	17
1105	716
1106	717
1107	718
1108	719
1109	9
1110	720
1111	721
1112	102
1113	722
1114	723
1115	9
1116	9
1117	2
1118	724
1119	725
1120	726
1121	727
1122	728
1123	729
1124	730
1125	731
1126	732
1127	733
1128	734
1129	2
1130	735
1131	736
1132	737
1133	738
1134	739
1135	740
1136	741
1137	742
1138	743
1139	9
1140	2
1141	744
1142	2
1143	745
1144	9
1145	16
1146	746
1147	747
1148	9
1149	748
1150	2
1151	749
1152	102
1153	750
1154	751
1155	2
1156	752
1157	33
1158	753
1159	754
1160	755
1161	16
1162	9
1163	17
1164	9
1165	756
1166	23
1167	42
1168	757
1169	81
1170	33
1171	102
1172	758
1173	759
1174	760
1175	2
1176	761
1177	9
1178	2
1179	762
1180	763
1181	2
1182	2
1183	2
1184	764
1185	765
1186	766
1187	767
1188	9
1189	768
1190	769
1191	770
1192	2
1193	771
1194	772
1195	773
1196	774
1197	775
1198	776
1199	777
1200	778
1201	779
1202	780
1203	33
1204	781
1205	782
1206	17
1207	9
1208	783
1209	784
1210	785
1211	786
1212	787
1213	2
1214	2
1215	788
1216	789
1217	790
1218	791
1219	792
1220	9
1221	793
1222	23
1223	794
1224	795
1225	796
1226	797
1227	42
1228	9
1229	798
1230	799
1231	800
1232	2
1233	23
1234	801
1235	2
1236	802
1237	803
1238	804
1239	9
1240	9
1241	805
1242	2
1243	81
1244	806
1245	23
1246	42
1247	2
1248	807
1249	42
1250	808
1251	42
1252	809
1253	810
1254	811
1255	812
1256	813
1257	814
1258	2
1259	815
1260	17
1261	816
1262	817
1263	818
1264	819
1265	820
1266	821
1267	2
1268	822
1269	823
1270	824
1271	825
1272	826
1273	827
1274	828
1275	829
1276	830
1277	102
1278	23
1279	831
1280	17
1281	832
1282	833
1283	9
1284	23
1285	834
1286	835
1287	2
1288	836
1289	81
1290	837
1291	838
1292	839
1293	840
1294	841
1295	2
1296	842
1297	843
1298	844
1299	845
1300	33
1301	846
1302	847
1303	848
1304	849
1305	850
1306	851
1307	17
1308	2
1309	852
1310	853
1311	854
1312	855
1313	856
1314	9
1315	857
1316	858
1317	859
1318	860
1319	33
1320	861
1321	862
1322	863
1323	864
1324	9
1325	42
1326	865
1327	866
1328	867
1329	868
1330	869
1331	870
1332	871
1333	17
1334	872
1335	873
1336	874
1337	17
1338	875
1339	2
1340	81
1341	876
1342	877
1343	878
1344	9
1345	879
1346	880
1347	881
1348	23
1349	882
1350	883
1351	42
1352	884
1353	42
1354	885
1355	23
1356	886
1357	887
1358	888
1359	2
1360	889
1361	890
1362	891
1363	9
1364	2
1365	892
1366	42
1367	42
1368	2
1369	893
1370	894
1371	895
1372	896
1373	897
1374	898
1375	899
1376	900
1377	901
1378	902
1379	23
1380	42
1381	9
1382	903
1383	2
1384	904
1385	905
1386	9
1387	906
1388	907
1389	908
1390	909
1391	910
1392	911
1393	912
1394	913
1395	914
1396	915
1397	2
1398	916
1399	917
1400	918
1401	2
1402	919
1403	33
1404	920
1405	9
1406	23
1407	2
1408	17
1409	921
1410	9
1411	922
1412	923
1413	2
1414	924
1415	42
1416	925
1417	926
1418	927
1419	17
1420	23
1421	42
1422	9
1423	17
1424	928
1425	929
1426	2
1427	930
1428	23
1429	931
1430	2
1431	2
1432	2
1433	9
1434	932
1435	23
1436	933
1437	934
1438	935
1439	936
1440	937
1441	938
1442	2
1443	939
1444	940
1445	81
1446	941
1447	942
1448	2
1449	943
1450	944
1451	42
1452	945
1453	946
1454	947
1455	948
1456	9
1457	949
1458	950
1459	951
1460	9
1461	952
1462	23
1463	953
1464	954
1465	955
1466	956
1467	2
1468	957
1469	958
1470	9
1471	2
1472	959
1473	960
1474	961
1475	962
1476	963
1477	23
1478	81
1479	964
1480	965
1481	966
1482	2
1483	2
1484	17
1485	2
1486	9
1487	17
1488	967
1489	968
1490	2
1491	969
1492	102
1493	970
1494	23
1495	9
1496	971
1497	9
1498	9
1499	67
1500	2
1501	2
1502	972
1503	973
1504	2
1505	23
1506	17
1507	974
1508	975
1509	976
1510	16
1511	977
1512	978
1513	33
1514	23
1515	23
1516	979
1517	980
1518	23
1519	981
1520	982
1521	983
1522	984
1523	985
1524	986
1525	987
1526	988
1527	989
1528	990
1529	81
1530	991
1531	992
1532	993
1533	994
1534	995
1535	996
1536	997
1537	9
1538	998
1539	23
1540	999
1541	9
1542	1000
1543	1001
1544	2
1545	1002
1546	1003
1547	2
1548	1004
1549	1005
1550	1006
1551	1007
1552	1008
1553	1009
1554	2
1555	2
1556	23
1557	1010
1558	1011
1559	1012
1560	9
1561	1013
1562	2
1563	23
1564	1014
1565	1015
1566	1016
1567	1017
1568	23
1569	1018
1570	1019
1571	17
1572	9
1573	1020
1574	2
1575	1021
1576	1022
1577	1023
1578	1024
1579	1025
1580	1026
1581	1027
1582	1028
1583	1029
1584	1030
1585	9
1586	1031
1587	23
1588	1032
1589	9
1590	9
1591	1033
1592	1034
1593	2
1594	1035
1595	17
1596	1036
1597	17
1598	1037
1599	1038
1600	1039
1601	1040
1602	1041
1603	2
1604	1042
1605	1043
1606	1044
1607	1045
1608	17
1609	1046
1610	17
1611	1047
1612	2
1613	1048
1614	1049
1615	1050
1616	23
1617	1051
1618	102
1619	1052
1620	1053
1621	1054
1622	1055
1623	1056
1624	1057
1625	1058
1626	1059
1627	1060
1628	1061
1629	1062
1630	1063
1631	1064
1632	42
1633	2
1634	1065
1635	23
1636	1066
1637	1067
1638	1068
1639	1069
1640	42
1641	1070
1642	1071
1643	9
1644	1072
1645	1073
1646	1074
1647	9
1648	605
1649	9
1650	1075
1651	1076
1652	9
1653	1077
1654	1078
1655	1079
1656	1080
1657	1081
1658	33
1659	1082
1660	23
1661	42
1662	1083
1663	1084
1664	2
1665	9
1666	1085
1667	2
1668	9
1669	1086
1670	17
1671	1087
1672	9
1673	1088
1674	1089
1675	1090
1676	1091
1677	1092
1678	1093
1679	1094
1680	2
1681	2
1682	23
1683	9
1684	33
1685	1095
1686	1096
1687	1097
1688	1098
1689	1099
1690	9
1691	1100
1692	2
1693	1101
1694	9
1695	1102
1696	9
1697	1103
1698	1104
1699	1105
1700	9
1701	2
1702	2
1703	9
1704	2
1705	1106
1706	1107
1707	1108
1708	17
1709	2
1710	1109
1711	33
1712	1110
1713	1111
1714	16
1715	102
1716	23
1717	9
1718	1112
1719	1113
1720	23
1721	1114
1722	1115
1723	42
1724	1116
1725	1117
1726	2
1727	23
1728	1118
1729	81
1730	1119
1731	1120
1732	9
1733	1121
1734	9
1735	9
1736	1122
1737	2
1738	42
1739	1123
1740	1124
1741	1125
1742	2
1743	102
1744	1126
1745	1127
1746	1128
1747	1129
1748	81
1749	9
1750	1130
1751	1131
1752	1132
1753	1133
1754	1134
1755	1135
1756	1136
1757	2
1758	1137
1759	1138
1760	1139
1761	1140
1762	1141
1763	1142
1764	1143
1765	2
1766	1144
1767	1145
1768	1146
1769	9
1770	1147
1771	1148
1772	1149
1773	1150
1774	1151
1775	1152
1776	1153
1777	23
1778	1154
1779	2
1780	1155
1781	1156
1782	16
1783	1157
1784	33
1785	1158
1786	1159
1787	1160
1788	2
1789	9
1790	2
1791	23
1792	16
1793	1161
1794	42
1795	9
1796	1162
1797	1163
1798	1164
1799	1165
1800	2
1801	1166
1802	1167
1803	1168
1804	1169
1805	1170
1806	23
1807	1171
1808	1172
1809	1173
1810	2
1811	1174
1812	17
1813	1175
1814	1176
1815	1177
1816	1178
1817	1179
1818	1180
1819	1181
1820	1182
1821	1183
1822	1184
1823	17
1824	1185
1825	81
1826	1186
1827	9
1828	1187
1829	1188
1830	42
1831	1189
1832	1190
1833	1191
1834	1192
1835	1193
1836	2
1837	1194
1838	1195
1839	1196
1840	81
1841	2
1842	1197
1843	1198
1844	1199
1845	1200
1846	1201
1847	1202
1848	23
1849	9
1850	1203
1851	33
1852	1204
1853	1205
1854	1206
1855	1207
1856	1208
1857	1209
1858	1210
1859	1211
1860	1212
1861	1213
1862	23
1863	1214
1864	2
1865	2
1866	9
1867	1215
1868	102
1869	1216
1870	1217
1871	1218
1872	1219
1873	1220
1874	9
1875	1221
1876	1222
1877	1223
1878	33
1879	1224
1880	1225
1881	1226
1882	9
1883	2
1884	9
1885	1227
1886	1228
1887	1229
1888	1230
1889	1231
1890	1232
1891	9
1892	1233
1893	1234
1894	2
1895	1235
1896	42
1897	9
1898	9
1899	1236
1900	33
1901	1237
1902	1238
1903	2
1904	1239
1905	1240
1906	1241
1907	2
1908	1242
1909	1243
1910	42
1911	1244
1912	1245
1913	2
1914	2
1915	67
1916	9
1917	23
1918	1246
1919	1247
1920	1248
1921	1249
1922	102
1923	23
1924	1250
1925	1251
1926	16
1927	1252
1928	23
1929	1253
1930	9
1931	2
1932	1254
1933	1255
1934	1256
1935	1257
1936	1258
1937	42
1938	9
1939	1259
1940	1260
1941	1261
1942	1262
1943	1263
1944	81
1945	1264
1946	9
1947	1265
1948	42
1949	1266
1950	2
1951	42
1952	1267
1953	1268
1954	1269
1955	1270
1956	1271
1957	1272
1958	67
1959	1273
1960	1274
1961	1275
1962	1276
1963	1277
1964	1278
1965	17
1966	1279
1967	1280
1968	1281
1969	1282
1970	1283
1971	1284
1972	1285
1973	9
1974	1286
1975	23
1976	17
1977	1287
1978	1288
1979	23
1980	23
1981	1289
1982	1290
1983	1291
1984	1292
1985	2
1986	1293
1987	1294
1988	1295
1989	1296
1990	1297
1991	1298
1992	9
1993	102
1994	23
1995	1299
1996	1253
1997	1300
1998	1301
1999	1302
2000	1303
2001	1304
2002	102
2003	1305
2004	1306
2005	42
2006	1253
2007	9
2008	1307
2009	1308
2010	1309
2011	2
2012	23
2013	1310
2014	1311
2015	1312
2016	42
2017	1313
2018	1314
2019	23
2020	1315
2021	1316
2022	9
2023	23
2024	1317
2025	1318
2026	1319
2027	1320
2028	1321
2029	1322
2030	1323
2031	17
2032	1324
2033	1325
2034	2
2035	1326
2036	23
2037	1327
2038	1328
2039	23
2040	1329
2041	1330
2042	1331
2043	1332
2044	9
2045	1333
2046	1334
2047	9
2048	1335
2049	9
2050	1336
2051	1337
2052	1338
2053	2
2054	1339
2055	1340
2056	1341
2057	1342
2058	1343
2059	1344
2060	1345
2061	1346
2062	1347
2063	1348
2064	1349
2065	17
2066	1350
2067	1351
2068	2
2069	2
2070	1352
2071	9
2072	1353
2073	1354
2074	2
2075	1355
2076	23
2077	1356
2078	1357
2079	1358
2080	1359
2081	1360
2082	1361
2083	9
2084	1362
2085	9
2086	2
2087	1363
2088	1364
2089	1365
2090	42
2091	1366
2092	23
2093	1367
2094	1368
2095	1369
2096	2
2097	1370
2098	1371
2099	1372
2100	1373
2101	1374
2102	1375
2103	1376
2104	23
2105	9
2106	1377
2107	1378
2108	1379
2109	1380
2110	1381
2111	1382
2112	9
2113	1383
2114	1384
2115	1385
2116	1386
2117	1387
2118	42
2119	1388
2120	42
2121	1389
2122	1390
2123	1391
2124	1392
2125	1393
2126	1394
2127	1395
2128	1396
2129	1397
2130	1398
2131	1399
2132	2
2133	1400
2134	1401
2135	9
2136	1402
2137	1403
2138	1404
2139	1405
2140	9
2141	1406
2142	17
2143	1407
2144	1408
2145	1409
2146	17
2147	1410
2148	9
2149	9
2150	1411
2151	23
2152	23
2153	1412
2154	1413
2155	1414
2156	1415
2157	1416
2158	1417
2159	102
2160	1418
2161	9
2162	1419
2163	1420
2164	2
2165	9
2166	2
2167	1421
2168	1422
2169	1423
2170	17
2171	1424
2172	1425
2173	1426
2174	1427
2175	9
2176	1428
2177	1429
2178	1430
2179	1431
2180	23
2181	9
2182	1432
2183	42
2184	1433
2185	1434
2186	1435
2187	9
2188	1436
2189	42
2190	9
2191	1437
2192	1438
2193	1439
2194	1440
2195	102
2196	9
2197	1441
2198	1442
2199	1443
2200	2
2201	2
2202	1444
2203	1445
2204	1446
2205	1447
2206	1448
2207	1449
2208	1450
2209	1451
2210	1452
2211	2
2212	102
2213	1453
2214	9
2215	1454
2216	1455
2217	81
2218	17
2219	33
2220	9
2221	1456
2222	17
2223	1457
2224	9
2225	1458
2226	1253
2227	1459
2228	23
2229	1460
2230	42
2231	1461
2232	9
2233	1462
2234	2
2235	1463
2236	1464
2237	9
2238	1465
2239	2
2240	2
2241	2
2242	67
2243	33
2244	1466
2245	1467
2246	1468
2247	1469
2248	1470
2249	1471
2250	2
2251	1472
2252	1473
2253	1474
2254	1475
2255	2
2256	1476
2257	1477
2258	9
2259	1478
2260	9
2261	1479
2262	1480
2263	1481
2264	17
2265	2
2266	1482
2267	1483
2268	1484
2269	42
2270	2
2271	1485
2272	17
2273	102
2274	17
2275	2
2276	1486
2277	42
2278	1487
2279	1488
2280	2
2281	33
2282	1489
2283	1490
2284	1491
2285	1492
2286	102
2287	1493
2288	9
2289	1494
2290	1495
2291	2
2292	9
2293	1496
2294	1497
2295	33
2296	1498
2297	1499
2298	1500
2299	1501
2300	1502
2301	1503
2302	1504
2303	16
2304	17
2305	1505
2306	1506
2307	1507
2308	1508
2309	16
2310	2
2311	1509
2312	1510
2313	1511
2314	33
2315	9
2316	9
2317	1512
2318	1513
2319	1514
2320	16
2321	1515
2322	23
2323	23
2324	2
2325	33
2326	2
2327	1516
2328	23
2329	1517
2330	1518
2331	1519
2332	1520
2333	1521
2334	1522
2335	1523
2336	1524
2337	17
2338	1525
2339	1526
2340	16
2341	1527
2342	1528
2343	1529
2344	1530
2345	1531
2346	1532
2347	1533
2348	1534
2349	23
2350	1535
2351	1536
2352	1537
2353	1538
2354	23
2355	1539
2356	9
2357	17
2358	2
2359	1540
2360	9
2361	9
2362	1541
2363	1542
2364	1543
2365	1544
2366	1545
2367	102
2368	1546
2369	1547
2370	23
2371	9
2372	9
2373	9
2374	1548
2375	1549
2376	9
2377	1550
2378	1551
2379	1552
2380	1553
2381	23
2382	1554
2383	1555
2384	1556
2385	42
2386	1557
2387	1558
2388	2
2389	1559
2390	1560
2391	33
2392	1561
2393	17
2394	1562
2395	1563
2396	1564
2397	102
2398	1565
2399	102
2400	1566
2401	1567
2402	2
2403	1568
2404	1569
2405	9
2406	1570
2407	9
2408	1571
2409	1572
2410	1573
2411	1574
2412	1575
2413	2
2414	2
2415	1576
2416	2
2417	1577
2418	1578
2419	102
2420	1579
2421	1580
2422	17
2423	16
2424	1581
2425	1582
2426	23
2427	1583
2428	17
2429	1584
2430	1585
2431	1586
2432	1587
2433	1588
2434	2
2435	1589
2436	1590
2437	1591
2438	1592
2439	1593
2440	1594
2441	9
2442	1595
2443	1596
2444	1597
2445	1598
2446	1599
2447	23
2448	1600
2449	1601
2450	2
2451	1602
2452	1603
2453	1604
2454	2
2455	1605
2456	1606
2457	1607
2458	1253
2459	1608
2460	1609
2461	1610
2462	1611
2463	1612
2464	17
2465	1613
2466	16
2467	102
2468	1614
2469	2
2470	1615
2471	9
2472	2
2473	9
2474	42
2475	1616
2476	1617
2477	1618
2478	33
2479	17
2480	23
2481	17
2482	1619
2483	9
2484	81
2485	9
2486	1620
2487	1621
2488	2
2489	102
2490	1622
2491	9
2492	1623
2493	17
2494	23
2495	1624
2496	1625
2497	1626
2498	1627
2499	1628
2500	1629
2501	2
2502	1630
2503	1631
2504	23
2505	1632
2506	1633
2507	1634
2508	1635
2509	1636
2510	1637
2511	17
2512	102
2513	23
2514	1638
2515	2
2516	1639
2517	1640
2518	1641
2519	1642
2520	1643
2521	1644
2522	9
2523	33
2524	1645
2525	102
2526	1646
2527	1647
2528	17
2529	2
2530	2
2531	1648
2532	1649
2533	1650
2534	1651
2535	1652
2536	17
2537	2
2538	1653
2539	1654
2540	1655
2541	9
2542	102
2543	1656
2544	1657
2545	1658
2546	1659
2547	42
2548	1660
2549	2
2550	1661
2551	2
2552	1662
2553	1663
2554	1664
2555	1665
2556	17
2557	1666
2558	2
2559	2
2560	1667
2561	1668
2562	1669
2563	1670
2564	17
2565	9
2566	9
2567	2
2568	1671
2569	1672
2570	1673
2571	2
2572	16
2573	1674
2574	1675
2575	1676
2576	1677
2577	1678
2578	1679
2579	1680
2580	23
2581	1681
2582	1682
2583	23
2584	1683
2585	1684
2586	1253
2587	1685
2588	1686
2589	2
2590	1687
2591	1688
2592	1689
2593	1690
2594	23
2595	1691
2596	2
2597	33
2598	9
2599	1692
2600	1693
2601	9
2602	1694
2603	1695
2604	1696
2605	1697
2606	9
2607	33
2608	17
2609	16
2610	1698
2611	33
2612	1699
2613	1700
2614	2
2615	9
2616	1701
2617	17
2618	9
2619	1702
2620	1703
2621	1704
2622	1705
2623	1706
2624	1707
2625	23
2626	1708
2627	1709
2628	1710
2629	1711
2630	2
2631	1712
2632	9
2633	1713
2634	2
2635	1714
2636	2
2637	1715
2638	1716
2639	1717
2640	1718
2641	1719
2642	9
2643	23
2644	1720
2645	1721
2646	102
2647	2
2648	1722
2649	1723
2650	1724
2651	2
2652	1725
2653	1726
2654	1727
2655	1728
2656	9
2657	42
2658	1729
2659	1730
2660	1731
2661	81
2662	9
2663	2
2664	1732
2665	23
2666	1733
2667	1734
2668	1735
2669	1736
2670	1737
2671	1738
2672	1739
2673	1740
2674	1741
2675	1742
2676	2
2677	1743
2678	9
2679	1744
2680	2
2681	1745
2682	1746
2683	1747
2684	1748
2685	1749
2686	1750
2687	17
2688	1751
2689	2
2690	1752
2691	1753
2692	2
2693	1754
2694	1755
2695	9
2696	1756
2697	23
2698	1757
2699	1758
2700	1759
2701	1760
2702	1761
2703	1762
2704	1763
2705	1253
2706	1764
2707	1765
2708	1766
2709	1767
2710	1768
2711	1769
2712	1770
2713	1771
2714	9
2715	1772
2716	1773
2717	1774
2718	23
2719	1775
2720	1776
2721	23
2722	2
2723	1777
2724	33
2725	1778
2726	1779
2727	1780
2728	1781
2729	42
2730	1782
2731	1783
2732	9
2733	9
2734	1784
2735	1785
2736	2
2737	1786
2738	2
2739	1787
2740	1788
2741	2
2742	1789
2743	1790
2744	1791
2745	102
2746	9
2747	1792
2748	2
2749	2
2750	1793
2751	1794
2752	9
2753	1795
2754	17
2755	1796
2756	1797
2757	1798
2758	1799
2759	1800
2760	1801
2761	9
2762	42
2763	102
2764	2
2765	1802
2766	1803
2767	1804
2768	1805
2769	1806
2770	1807
2771	1808
2772	1809
2773	1810
2774	1811
2775	1812
2776	1813
2777	1814
2778	1815
2779	9
2780	1816
2781	1817
2782	1818
2783	1819
2784	1820
2785	33
2786	2
2787	102
2788	9
2789	1821
2790	1822
2791	1823
2792	1824
2793	9
2794	16
2795	1825
2796	2
2797	1826
2798	9
2799	2
2800	102
2801	1827
2802	1828
2803	1829
2804	9
2805	1830
2806	1831
2807	1832
2808	2
2809	1833
2810	9
2811	1834
2812	1835
2813	1836
2814	9
2815	1837
2816	1838
2817	1839
2818	42
2819	1840
2820	1841
2821	2
2822	9
2823	9
2824	1842
2825	2
2826	1843
2827	1844
2828	9
2829	1845
2830	1846
2831	1847
2832	1848
2833	1849
2834	1850
2835	1851
2836	1852
2837	42
2838	33
2839	1853
2840	1854
2841	1855
2842	1856
2843	17
2844	9
2845	1857
2846	1858
2847	1859
2848	1860
2849	1861
2850	23
2851	9
2852	1862
2853	1863
2854	1864
2855	1865
2856	1866
2857	1867
2858	1868
2859	2
2860	17
2861	1869
2862	1870
2863	1871
2864	1872
2865	1873
2866	16
2867	2
2868	1874
2869	1875
2870	9
2871	1876
2872	1877
2873	1878
2874	2
2875	1879
2876	42
2877	1880
2878	1881
2879	1882
2880	1883
2881	2
2882	1884
2883	1885
2884	1886
2885	1887
2886	1888
2887	1889
2888	2
2889	1890
2890	23
2891	33
2892	1891
2893	1892
2894	9
2895	17
2896	1893
2897	9
2898	1894
2899	1895
2900	1896
2901	1897
2902	1898
2903	1899
2904	1900
2905	1901
2906	1902
2907	1903
2908	1904
2909	17
2910	42
2911	9
2912	1905
2913	2
2914	1906
2915	1907
2916	1908
2917	2
2918	9
2919	33
2920	1909
2921	1910
2922	1911
2923	1912
2924	2
2925	1913
2926	42
2927	1914
2928	81
2929	1915
2930	2
2931	1916
2932	1917
2933	33
2934	1918
2935	1919
2936	1920
2937	23
2938	1921
2939	1922
2940	2
2941	1923
2942	1924
2943	1925
2944	1926
2945	2
2946	1927
2947	1928
2948	1929
2949	1930
2950	1931
2951	1932
2952	1933
2953	1934
2954	2
2955	23
2956	1935
2957	42
2958	1936
2959	1937
2960	23
2961	1938
2962	1939
2963	2
2964	42
2965	1940
2966	2
2967	2
2968	1941
2969	1942
2970	17
2971	1943
2972	2
2973	9
2974	1944
2975	1945
2976	1946
2977	1947
2978	1948
2979	2
2980	1949
2981	1950
2982	1951
2983	1952
2984	1953
2985	1954
2986	1955
2987	1956
2988	1957
2989	1958
2990	1959
2991	2
2992	2
2993	1960
2994	1961
2995	1962
2996	9
2997	17
2998	23
2999	1963
3000	17
3001	1964
3002	9
3003	16
3004	1965
3005	1966
3006	9
3007	102
3008	33
3009	2
3010	1967
3011	1968
3012	1969
3013	1970
3014	23
3015	1971
3016	17
3017	1972
3018	9
3019	1973
3020	9
3021	1974
3022	1975
3023	1976
3024	1977
3025	102
3026	17
3027	102
3028	1978
3029	1979
3030	1980
3031	1981
3032	1982
3033	17
3034	1983
3035	1984
3036	1985
3037	1986
3038	1987
3039	1988
3040	2
3041	1989
3042	1990
3043	2
3044	1991
3045	33
3046	1992
3047	1993
3048	42
3049	1994
3050	1995
3051	1996
3052	1997
3053	1998
3054	1999
3055	2000
3056	23
3057	2001
3058	2002
3059	2003
3060	2004
3061	2005
3062	2006
3063	2007
3064	2008
3065	2009
3066	2010
3067	102
3068	23
3069	102
3070	17
3071	2011
3072	2012
3073	9
3074	42
3075	102
3076	2013
3077	2014
3078	2015
3079	2016
3080	2017
3081	2018
3082	16
3083	17
3084	2019
3085	16
3086	23
3087	2020
3088	9
3089	16
3090	2021
3091	9
3092	2022
3093	2023
3094	2024
3095	2025
3096	2026
3097	2027
3098	2028
3099	2029
3100	2030
3101	2031
3102	2032
3103	17
3104	2033
3105	2034
3106	2035
3107	2036
3108	2037
3109	2038
3110	2039
3111	9
3112	2
3113	17
3114	33
3115	2040
3116	23
3117	2041
3118	2042
3119	2043
3120	2044
3121	2045
3122	17
3123	9
3124	17
3125	2046
3126	1253
3127	2047
3128	2048
3129	2049
3130	2050
3131	9
3132	17
3133	2051
3134	2052
3135	9
3136	2
3137	2053
3138	102
3139	2054
3140	2055
3141	2056
3142	2057
3143	2
3144	2058
3145	2059
3146	2060
3147	23
3148	2061
3149	2062
3150	23
3151	2063
3152	2
3153	2064
3154	2
3155	81
3156	42
3157	16
3158	2
3159	2
3160	2065
3161	2
3162	2066
3163	2067
3164	2068
3165	2069
3166	17
3167	2070
3168	23
3169	33
3170	2071
3171	2072
3172	9
3173	2073
3174	9
3175	2074
3176	2075
3177	2076
3178	9
3179	42
3180	2077
3181	2078
3182	2079
3183	2080
3184	23
3185	17
3186	2081
3187	2082
3188	102
3189	17
3190	9
3191	2083
3192	2084
3193	2085
3194	2086
3195	2087
3196	2
3197	2088
3198	2089
3199	2090
3200	23
3201	2091
3202	2092
3203	2093
3204	9
3205	2094
3206	2095
3207	2096
3208	9
3209	2097
3210	2
3211	9
3212	2098
3213	2
3214	2099
3215	2
3216	2100
3217	16
3218	2
3219	2
3220	2101
3221	9
3222	23
3223	2102
3224	2103
3225	2104
3226	42
3227	2105
3228	9
3229	42
3230	9
3231	2106
3232	2107
3233	2
3234	2108
3235	2109
3236	2110
3237	2111
3238	2112
3239	2
3240	2113
3241	2114
3242	2115
3243	2116
3244	17
3245	2117
3246	23
3247	2
3248	2118
3249	2119
3250	17
3251	2120
3252	2
3253	2121
3254	2122
3255	2123
3256	2124
3257	2125
3258	17
3259	2126
3260	605
3261	33
3262	2127
3263	2128
3264	23
3265	81
3266	2129
3267	9
3268	16
3269	2130
3270	2131
3271	2132
3272	2133
3273	2134
3274	2135
3275	2136
3276	2137
3277	9
3278	2138
3279	2139
3280	42
3281	2140
3282	2141
3283	2
3284	2142
3285	2143
3286	2
3287	2144
3288	2145
3289	2146
3290	2147
3291	16
3292	2148
3293	33
3294	2149
3295	102
3296	2150
3297	23
3298	2151
3299	42
3300	2152
3301	9
3302	2153
3303	2154
3304	2155
3305	2156
3306	23
3307	2157
3308	9
3309	9
3310	2158
3311	2159
3312	2160
3313	2161
3314	2162
3315	23
3316	2163
3317	9
3318	2164
3319	2165
3320	23
3321	2166
3322	2167
3323	2168
3324	2169
3325	2170
3326	2171
3327	2172
3328	2173
3329	42
3330	2174
3331	2175
3332	2176
3333	2177
3334	2
3335	42
3336	9
3337	2178
3338	9
3339	2179
3340	2180
3341	2181
3342	2182
3343	2183
3344	42
3345	2184
3346	2185
3347	2186
3348	81
3349	2187
3350	16
3351	2188
3352	2189
3353	2190
3354	2191
3355	2192
3356	2
3357	2193
3358	2194
3359	9
3360	2195
3361	2196
3362	2197
3363	2198
3364	2199
3365	2200
3366	2201
3367	2202
3368	2203
3369	2204
3370	23
3371	2205
3372	2206
3373	2207
3374	2208
3375	2
3376	9
3377	2209
3378	2
3379	2
3380	2210
3381	23
3382	2
3383	2
3384	23
3385	2211
3386	2212
3387	2213
3388	2214
3389	2215
3390	2216
3391	2217
3392	2218
3393	1253
3394	2219
3395	23
3396	2220
3397	2221
3398	2222
3399	2223
3400	9
3401	2224
3402	2225
3403	2226
3404	16
3405	2227
3406	2228
3407	2229
3408	2230
3409	2231
3410	2232
3411	2233
3412	2234
3413	2235
3414	2236
3415	2237
3416	2238
3417	23
3418	2239
3419	2240
3420	2241
3421	2242
3422	2243
3423	2244
3424	9
3425	9
3426	2245
3427	23
3428	2246
3429	2247
3430	2248
3431	2249
3432	42
3433	2250
3434	9
3435	2251
3436	2252
3437	2253
3438	2254
3439	2255
3440	9
3441	2256
3442	2257
3443	2258
3444	2259
3445	81
3446	42
3447	2260
3448	2261
3449	2262
3450	2263
3451	9
3452	2
3453	2264
3454	2265
3455	2266
3456	2267
3457	2268
3458	2269
3459	2270
3460	2271
3461	2272
3462	2273
3463	42
3464	2274
3465	17
3466	9
3467	23
3468	2275
3469	2276
3470	9
3471	2277
3472	2278
3473	9
3474	2279
3475	2280
3476	2281
3477	2282
3478	2283
3479	9
3480	2284
3481	2285
3482	102
3483	2286
3484	2287
3485	2288
3486	2
3487	2289
3488	2290
3489	2291
3490	2
3491	9
3492	2292
3493	2293
3494	2294
3495	2295
3496	2296
3497	2297
3498	17
3499	2298
3500	9
3501	2299
3502	102
3503	2300
3504	2301
3505	2302
3506	2
3507	2303
3508	2304
3509	9
3510	2305
3511	2306
3512	2
3513	2
3514	2307
3515	2308
3516	2309
3517	2310
3518	2311
3519	9
3520	2312
3521	2313
3522	9
3523	102
3524	2314
3525	9
3526	2315
3527	23
3528	2316
3529	2
3530	2317
3531	23
3532	2318
3533	16
3534	2319
3535	9
3536	9
3537	2320
3538	2321
3539	33
3540	2322
3541	23
3542	2323
3543	2324
3544	2325
3545	2326
3546	2327
3547	9
3548	23
3549	23
3550	17
3551	2328
3552	9
3553	2329
3554	2330
3555	2331
3556	2332
3557	2333
3558	2334
3559	2335
3560	23
3561	2336
3562	2337
3563	2338
3564	2339
3565	2340
3566	2341
3567	2342
3568	2343
3569	2344
3570	9
3571	23
3572	9
3573	2
3574	2345
3575	9
3576	2346
3577	2347
3578	2348
3579	2349
3580	2350
3581	2351
3582	2352
3583	23
3584	2353
3585	17
3586	2354
3587	2355
3588	23
3589	2
3590	33
3591	2356
3592	2357
3593	2358
3594	9
3595	2
3596	9
3597	2
3598	2359
3599	2360
3600	2361
3601	9
3602	2362
3603	9
3604	2363
3605	2364
3606	2365
3607	2366
3608	2367
3609	42
3610	2368
3611	81
3612	23
3613	2369
3614	2370
3615	9
3616	2
3617	17
3618	2
3619	2371
3620	23
3621	2372
3622	9
3623	9
3624	2373
3625	2374
3626	2375
3627	2376
3628	2377
3629	2
3630	2378
3631	2
3632	2
3633	33
3634	2379
3635	2380
3636	2
3637	102
3638	23
3639	2381
3640	2382
3641	2
3642	2
3643	2
3644	2383
3645	2384
3646	2385
3647	9
3648	2
3649	2386
3650	2387
3651	2388
3652	42
3653	2
3654	17
3655	2389
3656	9
3657	2390
3658	2391
3659	2392
3660	2393
3661	2394
3662	9
3663	17
3664	17
3665	2395
3666	2396
3667	2397
3668	2398
3669	2399
3670	2
3671	2400
3672	33
3673	2401
3674	9
3675	9
3676	2402
3677	9
3678	23
3679	2403
3680	2404
3681	2
3682	2405
3683	2406
3684	2407
3685	2408
3686	2
3687	2409
3688	2410
3689	2411
3690	2412
3691	9
3692	17
3693	2413
3694	2414
3695	2415
3696	2416
3697	2
3698	2417
3699	2418
3700	2
3701	2419
3702	2420
3703	42
3704	9
3705	2421
3706	2422
3707	2423
3708	2424
3709	2
3710	2425
3711	102
3712	2426
3713	102
3714	2427
3715	2
3716	2428
3717	9
3718	102
3719	2429
3720	2430
3721	2431
3722	2432
3723	33
3724	2433
3725	2
3726	9
3727	2434
3728	2435
3729	2
3730	2436
3731	605
3732	2437
3733	2438
3734	2439
3735	9
3736	2440
3737	2441
3738	2442
3739	2443
3740	2444
3741	2445
3742	2446
3743	2447
3744	2448
3745	2449
3746	2450
3747	2
3748	2451
3749	2
3750	2
3751	9
3752	2
3753	23
3754	2452
3755	42
3756	2453
3757	2454
3758	2455
3759	9
3760	2456
3761	2457
3762	2458
3763	33
3764	2459
3765	2460
3766	2461
3767	2462
3768	9
3769	2463
3770	2464
3771	2465
3772	2466
3773	2467
3774	2468
3775	42
3776	2469
3777	17
3778	2470
3779	2471
3780	2472
3781	9
3782	2
3783	2473
3784	2474
3785	2
3786	2475
3787	42
3788	2476
3789	2477
3790	2
3791	9
3792	2478
3793	2479
3794	2480
3795	23
3796	2481
3797	17
3798	2482
3799	17
3800	9
3801	2483
3802	81
3803	2484
3804	9
3805	2485
3806	2486
3807	81
3808	2
3809	2487
3810	2488
3811	2489
3812	2490
3813	2
3814	2491
3815	42
3816	2
3817	23
3818	2492
3819	9
3820	23
3821	2493
3822	33
3823	2494
3824	23
3825	2495
3826	2496
3827	9
3828	2497
3829	2498
3830	2499
3831	2500
3832	2
3833	2501
3834	9
3835	2502
3836	23
3837	2503
3838	2504
3839	2505
3840	16
3841	2506
3842	23
3843	2507
3844	2508
3845	2509
3846	2510
3847	2
3848	17
3849	9
3850	2511
3851	2512
3852	2513
3853	2514
3854	2515
3855	2
3856	2516
3857	2
3858	2517
3859	2518
3860	2519
3861	2
3862	16
3863	2520
3864	9
3865	2521
3866	2522
3867	2523
3868	2524
3869	2525
3870	2526
3871	2527
3872	102
3873	2528
3874	102
3875	2529
3876	2530
3877	42
3878	23
3879	9
3880	9
3881	2531
3882	2532
3883	17
3884	2
3885	2533
3886	2534
3887	2535
3888	2536
3889	2537
3890	9
3891	2538
3892	2539
3893	2540
3894	9
3895	2541
3896	9
3897	2542
3898	2
3899	81
3900	2543
3901	102
3902	42
3903	2544
3904	2545
3905	2546
3906	2547
3907	2548
3908	2549
3909	9
3910	2
3911	2550
3912	2551
3913	2552
3914	2553
3915	2554
3916	2555
3917	23
3918	2556
3919	9
3920	2557
3921	23
3922	2558
3923	67
3924	9
3925	2559
3926	2560
3927	2561
3928	17
3929	17
3930	2562
3931	2
3932	9
3933	2563
3934	2
3935	2564
3936	2565
3937	33
3938	2566
3939	33
3940	2567
3941	9
3942	2568
3943	42
3944	2569
3945	2570
3946	2571
3947	2572
3948	2573
3949	23
3950	2574
3951	42
3952	2575
3953	2576
3954	2577
3955	2578
3956	17
3957	2579
3958	2
3959	9
3960	2
3961	9
3962	2580
3963	2581
3964	2582
3965	2583
3966	2584
3967	2585
3968	9
3969	2586
3970	17
3971	2587
3972	2588
3973	9
3974	102
3975	9
3976	2589
3977	2590
3978	2591
3979	2592
3980	2593
3981	2594
3982	23
3983	2595
3984	67
3985	2
3986	9
3987	102
3988	2
3989	2596
3990	42
3991	9
3992	16
3993	2597
3994	2598
3995	9
3996	2599
3997	2600
3998	2
3999	2601
4000	23
4001	33
4002	23
4003	2602
4004	2
4005	9
4006	2603
4007	102
4008	2
4009	2604
4010	2
4011	9
4012	2605
4013	2606
4014	2607
4015	2
4016	2608
4017	2609
4018	2610
4019	2611
4020	2612
4021	2613
4022	2614
4023	2615
4024	2616
4025	2617
4026	2618
4027	102
4028	2619
4029	2620
4030	9
4031	2621
4032	2622
4033	2623
4034	17
4035	9
4036	2624
4037	9
4038	2625
4039	2626
4040	9
4041	2627
4042	17
4043	2628
4044	2629
4045	17
4046	9
4047	33
4048	2630
4049	2631
4050	9
4051	2632
4052	2633
4053	2634
4054	2635
4055	2636
4056	2637
4057	42
4058	9
4059	2638
4060	9
4061	2639
4062	2640
4063	9
4064	2
4065	2641
4066	2642
4067	2643
4068	2644
4069	2645
4070	2646
4071	9
4072	2647
4073	2648
4074	2649
4075	9
4076	2650
4077	42
4078	2651
4079	23
4080	2652
4081	2653
4082	2654
4083	2655
4084	9
4085	2656
4086	42
4087	42
4088	2657
4089	2658
4090	9
4091	2659
4092	2
4093	23
4094	2660
4095	9
4096	2661
4097	2662
4098	2663
4099	17
4100	2664
4101	9
4102	42
4103	2665
4104	2666
4105	2667
4106	2668
4107	2669
4108	2670
4109	102
4110	2
4111	2671
4112	9
4113	81
4114	23
4115	2672
4116	2673
4117	2674
4118	102
4119	33
4120	2675
4121	2676
4122	2677
4123	2678
4124	2679
4125	2680
4126	2681
4127	42
4128	2682
4129	2683
4130	2684
4131	2685
4132	2686
4133	33
4134	2687
4135	2688
4136	2689
4137	9
4138	2690
4139	2691
4140	16
4141	2692
4142	2693
4143	2694
4144	2695
4145	2696
4146	2
4147	33
4148	2697
4149	2698
4150	81
4151	2699
4152	2
4153	2700
4154	2276
4155	2701
4156	33
4157	2702
4158	2703
4159	102
4160	2704
4161	2705
4162	2706
4163	2707
4164	2708
4165	2709
4166	23
4167	2710
4168	23
4169	2711
4170	2712
4171	2713
4172	2714
4173	42
4174	2715
4175	2716
4176	17
4177	23
4178	2717
4179	23
4180	16
4181	9
4182	2718
4183	2719
4184	2720
4185	2
4186	2721
4187	2722
4188	2723
4189	2724
4190	2725
4191	2726
4192	9
4193	2
4194	9
4195	2727
4196	9
4197	9
4198	2
4199	2
4200	2728
4201	2729
4202	2730
4203	2731
4204	9
4205	2732
4206	2733
4207	2734
4208	9
4209	2735
4210	2736
4211	2737
4212	9
4213	2738
4214	2739
4215	2740
4216	2741
4217	9
4218	23
4219	2742
4220	2743
4221	2
4222	2744
4223	2745
4224	2746
4225	2747
4226	102
4227	33
4228	81
4229	9
4230	33
4231	2748
4232	2749
4233	2750
4234	2751
4235	2752
4236	42
4237	2753
4238	2754
4239	2755
4240	2756
4241	2757
4242	2758
4243	42
4244	2759
4245	9
4246	2760
4247	2761
4248	2762
4249	2
4250	2763
4251	2764
4252	2765
4253	2766
4254	2767
4255	2768
4256	2769
4257	2770
4258	2
4259	2771
4260	2772
4261	2773
4262	2774
4263	2775
4264	2776
4265	2777
4266	2778
4267	2779
4268	2780
4269	2781
4270	23
4271	2782
4272	2
4273	2783
4274	42
4275	2784
4276	2785
4277	9
4278	2786
4279	2787
4280	2788
4281	9
4282	9
4283	1253
4284	2
4285	9
4286	2
4287	2789
4288	2
4289	2790
4290	2791
4291	2792
4292	81
4293	23
4294	2
4295	2793
4296	2
4297	2794
4298	2795
4299	2796
4300	2
4301	1253
4302	102
4303	2797
4304	2798
4305	2799
4306	2800
4307	2801
4308	17
4309	2802
4310	2803
4311	2
4312	42
4313	2804
4314	2805
4315	102
4316	2
4317	2806
4318	102
4319	2807
4320	2808
4321	2809
4322	2810
4323	17
4324	2
4325	2
4326	2811
4327	2812
4328	2813
4329	23
4330	9
4331	17
4332	2814
4333	2815
4334	33
4335	23
4336	2816
4337	2817
4338	2818
4339	2819
4340	2820
4341	2821
4342	9
4343	2822
4344	33
4345	2823
4346	2
4347	2824
4348	2825
4349	2826
4350	9
4351	23
4352	2827
4353	2828
4354	2829
4355	2
4356	9
4357	2830
4358	2831
4359	2832
4360	2833
4361	2834
4362	9
4363	2835
4364	2836
4365	17
4366	2837
4367	9
4368	42
4369	2838
4370	2839
4371	2840
4372	2841
4373	2
4374	2842
4375	2
4376	2843
4377	102
4378	2844
4379	2845
4380	102
4381	2
4382	2846
4383	2847
4384	2
4385	2848
4386	2849
4387	2
4388	2850
4389	2851
4390	2852
4391	2853
4392	2854
4393	2855
4394	2856
4395	2857
4396	16
4397	2858
4398	42
4399	2859
4400	2860
4401	2
4402	2861
4403	1798
4404	9
4405	9
4406	17
4407	2862
4408	17
4409	2863
4410	2864
4411	23
4412	2865
4413	2866
4414	2867
4415	2868
4416	2869
4417	81
4418	23
4419	2870
4420	9
4421	2871
4422	2872
4423	2
4424	2
4425	2873
4426	2874
4427	2875
4428	2876
4429	23
4430	2877
4431	2878
4432	2879
4433	2880
4434	2881
4435	2
4436	2882
4437	9
4438	2883
4439	2884
4440	2885
4441	2886
4442	2887
4443	2888
4444	2
4445	2889
4446	2890
4447	9
4448	2891
4449	2892
4450	2893
4451	9
4452	2894
4453	33
4454	2895
4455	2896
4456	2897
4457	2898
4458	2899
4459	2900
4460	17
4461	2901
4462	2902
4463	2903
4464	2904
4465	2905
4466	2906
4467	2907
4468	67
4469	2908
4470	2909
4471	23
4472	2910
4473	2911
4474	2912
4475	2913
4476	2914
4477	2915
4478	2916
4479	2917
4480	81
4481	2
4482	9
4483	9
4484	23
4485	2918
4486	2
4487	2919
4488	2920
4489	2921
4490	2922
4491	2
4492	2923
4493	81
4494	2924
4495	9
4496	2
4497	2
4498	2925
4499	9
4500	2926
4501	2
4502	2927
4503	2928
4504	2929
4505	2930
4506	17
4507	2931
4508	9
4509	2932
4510	2
4511	2
4512	2933
4513	2934
4514	2935
4515	17
4516	2936
4517	2937
4518	2
4519	2
4520	2938
4521	2939
4522	9
4523	9
4524	2
4525	2940
4526	23
4527	2
4528	9
4529	2941
4530	17
4531	2
4532	2942
4533	67
4534	2943
4535	2944
4536	2945
4537	2946
4538	2947
4539	2948
4540	17
4541	2949
4542	42
4543	9
4544	2950
4545	23
4546	2951
4547	2952
4548	2953
4549	2954
4550	9
4551	2955
4552	2
4553	2956
4554	2957
4555	16
4556	17
4557	2958
4558	2959
4559	9
4560	2960
4561	2961
4562	17
4563	42
4564	2962
4565	9
4566	2963
4567	2964
4568	2965
4569	23
4570	2966
4571	2967
4572	42
4573	2968
4574	2969
4575	2
4576	2970
4577	2971
4578	2972
4579	2973
4580	2974
4581	2975
4582	9
4583	17
4584	2
4585	2976
4586	2977
4587	33
4588	2
4589	2978
4590	2979
4591	2980
4592	2981
4593	33
4594	2982
4595	9
4596	2983
4597	2
4598	9
4599	2
4600	2984
4601	9
4602	2985
4603	2986
4604	67
4605	2987
4606	17
4607	2988
4608	2989
4609	2990
4610	2991
4611	2992
4612	2993
4613	2
4614	2994
4615	2995
4616	33
4617	2996
4618	2
4619	2
4620	2997
4621	9
4622	2998
4623	102
4624	2999
4625	81
4626	3000
4627	3001
4628	9
4629	3002
4630	9
4631	3003
4632	3004
4633	3005
4634	3006
4635	2
4636	9
4637	42
4638	3007
4639	3008
4640	3009
4641	3010
4642	2
4643	3011
4644	3012
4645	3013
4646	2
4647	3014
4648	3015
4649	17
4650	3016
4651	17
4652	3017
4653	3018
4654	3019
4655	2
4656	3020
4657	9
4658	2
4659	3021
4660	2
4661	3022
4662	9
4663	3023
4664	42
4665	3024
4666	3025
4667	3026
4668	3027
4669	3028
4670	17
4671	42
4672	2
4673	3029
4674	3030
4675	3031
4676	3032
4677	3033
4678	17
4679	3034
4680	3035
4681	3036
4682	3037
4683	2
4684	3038
4685	2
4686	3039
4687	3040
4688	3041
4689	23
4690	3042
4691	3043
4692	81
4693	3044
4694	9
4695	16
4696	2
4697	16
4698	3045
4699	2
4700	3046
4701	3047
4702	3048
4703	3049
4704	3050
4705	33
4706	3051
4707	3052
4708	3053
4709	3054
4710	3055
4711	3056
4712	3057
4713	3058
4714	3059
4715	3060
4716	2
4717	102
4718	3061
4719	2276
4720	3062
4721	3063
4722	3064
4723	102
4724	3065
4725	3066
4726	3067
4727	3068
4728	9
4729	3069
4730	23
4731	102
4732	16
4733	3070
4734	3071
4735	9
4736	9
4737	2
4738	33
4739	3072
4740	3073
4741	3074
4742	3075
4743	3076
4744	3077
4745	3078
4746	3079
4747	9
4748	3080
4749	9
4750	3081
4751	3082
4752	3083
4753	3084
4754	3085
4755	17
4756	3086
4757	9
4758	3087
4759	3088
4760	3089
4761	2
4762	3090
4763	3091
4764	3092
4765	3093
4766	9
4767	3094
4768	23
4769	3095
4770	3096
4771	2
4772	3097
4773	102
4774	3098
4775	3099
4776	102
4777	3100
4778	2
4779	9
4780	3101
4781	42
4782	42
4783	2
4784	2
4785	3102
4786	3103
4787	3104
4788	3105
4789	9
4790	3106
4791	3107
4792	2
4793	9
4794	3108
4795	102
4796	3109
4797	3110
4798	3111
4799	3112
4800	3113
4801	2
4802	9
4803	3114
4804	3115
4805	9
4806	3116
4807	9
4808	3117
4809	3118
4810	3119
4811	3120
4812	9
4813	3121
4814	9
4815	3122
4816	23
4817	3123
4818	3124
4819	9
4820	3125
4821	2
4822	3126
4823	23
4824	17
4825	3127
4826	3128
4827	3129
4828	3130
4829	3131
4830	2
4831	9
4832	3132
4833	3133
4834	3134
4835	17
4836	2
4837	23
4838	3135
4839	9
4840	3136
4841	3137
4842	3138
4843	2
4844	3139
4845	2
4846	23
4847	3140
4848	3141
4849	3142
4850	17
4851	17
4852	3143
4853	2
4854	17
4855	9
4856	3144
4857	3145
4858	2
4859	42
4860	23
4861	23
4862	9
4863	3146
4864	3147
4865	16
4866	3148
4867	3149
4868	3150
4869	2
4870	2
4871	42
4872	23
4873	3151
4874	33
4875	23
4876	17
4877	9
4878	3152
4879	23
4880	2
4881	3153
4882	2
4883	3154
4884	3155
4885	9
4886	3156
4887	3157
4888	9
4889	3158
4890	17
4891	33
4892	3159
4893	3160
4894	42
4895	3161
4896	3162
4897	23
4898	2
4899	3163
4900	2
4901	3164
4902	3165
4903	2
4904	9
4905	3166
4906	3167
4907	42
4908	3168
4909	3169
4910	67
4911	102
4912	3170
4913	3171
4914	3172
4915	3173
4916	42
4917	3174
4918	81
4919	67
4920	3175
4921	3176
4922	3177
4923	9
4924	3178
4925	3179
4926	3180
4927	3181
4928	3182
4929	3183
4930	9
4931	3184
4932	3185
4933	3186
4934	3187
4935	2
4936	3188
4937	2
4938	3189
4939	3190
4940	3191
4941	3192
4942	9
4943	3193
4944	2
4945	2
4946	3194
4947	9
4948	3195
4949	3196
4950	3197
4951	3198
4952	3199
4953	3200
4954	9
4955	2
4956	16
4957	3201
4958	3202
4959	17
4960	3203
4961	3204
4962	3205
4963	9
4964	42
4965	9
4966	3206
4967	3207
4968	3208
4969	3209
4970	3210
4971	3211
4972	3212
4973	3213
4974	3214
4975	3215
4976	3216
4977	9
4978	33
4979	102
4980	3217
4981	3218
4982	23
4983	3219
4984	3220
4985	3221
4986	9
4987	3222
4988	3223
4989	42
4990	3224
4991	3225
4992	3226
4993	3227
4994	2
4995	3228
4996	3229
4997	3230
4998	3231
4999	3232
5000	9
5001	2
5002	3233
5003	3234
5004	3235
5005	3236
5006	9
5007	3237
5008	42
5009	3238
5010	17
5011	17
5012	3239
5013	3240
5014	3241
5015	23
5016	17
5017	3242
5018	3243
5019	3244
5020	3245
5021	9
5022	42
5023	3246
5024	3247
5025	3248
5026	3249
5027	3250
5028	17
5029	3251
5030	2
5031	2
5032	3252
5033	17
5034	17
5035	3253
5036	3254
5037	3255
5038	3256
5039	3257
5040	3258
5041	2
5042	42
5043	3259
5044	3260
5045	3261
5046	23
5047	3262
5048	9
5049	3263
5050	3264
5051	3265
5052	2
5053	17
5054	33
5055	3266
5056	3267
5057	23
5058	33
5059	23
5060	9
5061	42
5062	23
5063	9
5064	3268
5065	3269
5066	2
5067	23
5068	3270
5069	23
5070	3271
5071	2
5072	3272
5073	3273
5074	17
5075	3274
5076	3275
5077	81
5078	3276
5079	3277
5080	3278
5081	3279
5082	3280
5083	3281
5084	1798
5085	23
5086	2
5087	16
5088	3282
5089	9
5090	3283
5091	3284
5092	3285
5093	3286
5094	3287
5095	3288
5096	3289
5097	3290
5098	3291
5099	3292
5100	3293
5101	3294
5102	3295
5103	3296
5104	23
5105	3297
5106	3298
5107	3299
5108	3300
5109	33
5110	3301
5111	3302
5112	3303
5113	3304
5114	17
5115	3305
5116	3306
5117	3307
5118	102
5119	3308
5120	3309
5121	3310
5122	3311
5123	3312
5124	3313
5125	17
5126	102
5127	2
5128	3314
5129	3315
5130	3316
5131	3317
5132	102
5133	3318
5134	3319
5135	23
5136	3320
5137	3321
5138	3322
5139	3323
5140	3324
5141	3325
5142	3326
5143	3327
5144	3328
5145	3329
5146	3330
5147	3331
5148	3332
5149	3333
5150	2
5151	3334
5152	3335
5153	3336
5154	3337
5155	17
5156	3338
5157	2
5158	9
5159	3339
5160	3340
5161	3341
5162	3342
5163	33
5164	3343
5165	2
5166	9
5167	3344
5168	3345
5169	3346
5170	3347
5171	3348
5172	3349
5173	9
5174	1253
5175	3350
5176	3351
5177	3352
5178	3353
5179	3354
5180	3355
5181	3356
5182	42
5183	3357
5184	3358
5185	3359
5186	9
5187	2
5188	3360
5189	3361
5190	3362
5191	3363
5192	3364
5193	3365
5194	3366
5195	3367
5196	2
5197	3368
5198	3369
5199	2
5200	3370
5201	3371
5202	3372
5203	3373
5204	3374
5205	3375
5206	3376
5207	3377
5208	3378
5209	2
5210	3379
5211	3380
5212	2
5213	3381
5214	3382
5215	3383
5216	23
5217	2
5218	3384
5219	16
5220	2
5221	3385
5222	3386
5223	3387
5224	3388
5225	2
5226	9
5227	3389
5228	3390
5229	3391
5230	23
5231	3392
5232	23
5233	17
5234	3393
5235	3394
5236	3395
5237	2
5238	3396
5239	3397
5240	3398
5241	9
5242	3399
5243	23
5244	3400
5245	3401
5246	17
5247	23
5248	33
5249	3402
5250	3403
5251	3404
5252	2
5253	2
5254	3405
5255	3406
5256	3407
5257	3408
5258	3409
5259	2
5260	3410
5261	3411
5262	3412
5263	3413
5264	3414
5265	23
5266	3415
5267	3416
5268	9
5269	3417
5270	9
5271	2
5272	3418
5273	3419
5274	3420
5275	2
5276	3421
5277	9
5278	9
5279	3422
5280	3423
5281	3424
5282	3425
5283	3426
5284	3427
5285	3428
5286	9
5287	9
5288	3429
5289	3430
5290	3431
5291	3432
5292	42
5293	3433
5294	3434
5295	3435
5296	3436
5297	42
5298	3437
5299	9
5300	3438
5301	3439
5302	3440
5303	23
5304	81
5305	3441
5306	3442
5307	3443
5308	17
5309	3444
5310	3445
5311	3446
5312	9
5313	2
5314	3447
5315	3448
5316	2
5317	3449
5318	3450
5319	3451
5320	3452
5321	3453
5322	3454
5323	2
5324	2
5325	33
5326	3455
5327	3456
5328	3457
5329	9
5330	3458
5331	9
5332	3459
5333	9
5334	2
5335	3460
5336	3461
5337	3462
5338	3463
5339	3464
5340	3465
5341	3466
5342	3467
5343	3468
5344	16
5345	3469
5346	3470
5347	3471
5348	3472
5349	3473
5350	3474
5351	3475
5352	3476
5353	3477
5354	3478
5355	3479
5356	3480
5357	2
5358	3481
5359	2
5360	3482
5361	23
5362	2
5363	3483
5364	3484
5365	3485
5366	3486
5367	3487
5368	33
5369	3488
5370	2276
5371	3489
5372	3490
5373	9
5374	3491
5375	23
5376	3492
5377	3493
5378	3494
5379	81
5380	3495
5381	3496
5382	3497
5383	3498
5384	3499
5385	3500
5386	9
5387	3501
5388	17
5389	3502
5390	3503
5391	3504
5392	3505
5393	17
5394	3506
5395	3507
5396	3508
5397	3509
5398	3510
5399	3511
5400	3512
5401	3513
5402	3514
5403	16
5404	23
5405	3515
5406	3516
5407	23
5408	3517
5409	3518
5410	3519
5411	23
5412	102
5413	102
5414	3520
5415	2
5416	42
5417	3521
5418	9
5419	9
5420	3522
5421	3523
5422	9
5423	3524
5424	3525
5425	9
5426	3526
5427	17
5428	33
5429	3527
5430	42
5431	3528
5432	3529
5433	3530
5434	3531
5435	3532
5436	3533
5437	9
5438	3534
5439	3535
5440	3536
5441	3537
5442	3538
5443	3539
5444	2
5445	3540
5446	3541
5447	3542
5448	2
5449	3543
5450	9
5451	2
5452	3544
5453	3545
5454	3546
5455	9
5456	3547
5457	3548
5458	3549
5459	102
5460	9
5461	23
5462	3550
5463	3551
5464	2
5465	42
5466	3552
5467	9
5468	3553
5469	3554
5470	3555
5471	3556
5472	9
5473	3557
5474	3558
5475	3559
5476	23
5477	3560
5478	2
5479	3561
5480	3562
5481	2
5482	9
5483	3563
5484	42
5485	33
5486	3564
5487	2
5488	2
5489	3565
5490	9
5491	3566
5492	2
5493	17
5494	3567
5495	3568
5496	3569
5497	3570
5498	23
5499	3571
5500	3572
5501	3573
5502	9
5503	3574
5504	9
5505	3575
5506	23
5507	3576
5508	3577
5509	3578
5510	3579
5511	3580
5512	3581
5513	2
5514	3582
5515	2
5516	23
5517	9
5518	3583
5519	3584
5520	3585
5521	2
5522	3586
5523	3587
5524	3588
5525	3589
5526	3590
5527	3591
5528	3592
5529	3593
5530	3594
5531	3595
5532	3596
5533	9
5534	3597
5535	3598
5536	3599
5537	3600
5538	3601
5539	3602
5540	9
5541	9
5542	2
5543	2
5544	23
5545	3603
5546	3604
5547	3605
5548	9
5549	3606
5550	3607
5551	3608
5552	3609
5553	3610
5554	9
5555	3611
5556	9
5557	3612
5558	3613
5559	3614
5560	3615
5561	17
5562	2
5563	9
5564	3616
5565	3617
5566	3618
5567	2
5568	3619
5569	3620
5570	3621
5571	3622
5572	3623
5573	3624
5574	3625
5575	3626
5576	3627
5577	16
5578	2
5579	17
5580	33
5581	3628
5582	3629
5583	2
5584	3630
5585	3631
5586	3632
5587	3633
5588	3634
5589	3635
5590	9
5591	3636
5592	42
5593	3637
5594	3638
5595	33
5596	3639
5597	9
5598	3640
5599	3641
5600	3642
5601	9
5602	42
5603	3643
5604	3644
5605	3645
5606	3646
5607	3647
5608	9
5609	3648
5610	3649
5611	17
5612	3650
5613	3651
5614	9
5615	23
5616	3652
5617	9
5618	3653
5619	3654
5620	3655
5621	3656
5622	9
5623	23
5624	2
5625	3657
5626	16
5627	2
5628	3658
5629	3659
5630	3660
5631	3661
5632	3662
5633	42
5634	3663
5635	9
5636	1253
5637	3664
5638	42
5639	3665
5640	3666
5641	81
5642	17
5643	3667
5644	3668
5645	3669
5646	3670
5647	3671
5648	3672
5649	3673
5650	9
5651	33
5652	2
5653	3674
5654	42
5655	3675
5656	3676
5657	3677
5658	42
5659	17
5660	23
5661	17
5662	2
5663	23
5664	3678
5665	3679
5666	3680
5667	23
5668	9
5669	2
5670	3681
5671	3682
5672	23
5673	3683
5674	3684
5675	3685
5676	33
5677	3686
5678	9
5679	23
5680	3687
5681	3688
5682	3689
5683	3690
5684	3691
5685	9
5686	102
5687	23
5688	3692
5689	3693
5690	3694
5691	3695
5692	3696
5693	3697
5694	3698
5695	3699
5696	3700
5697	3701
5698	3702
5699	3703
5700	9
5701	3704
5702	3705
5703	3706
5704	3707
5705	3708
5706	3709
5707	2
5708	9
5709	3710
5710	3711
5711	33
5712	9
5713	17
5714	3712
5715	3713
5716	3714
5717	3715
5718	3716
5719	3717
5720	9
5721	9
5722	3718
5723	3719
5724	1798
5725	3720
5726	3721
5727	9
5728	23
5729	3722
5730	3723
5731	3724
5732	33
5733	23
5734	3725
5735	3726
5736	3727
5737	3728
5738	3729
5739	9
5740	3730
5741	3731
5742	2
5743	9
5744	2
5745	9
5746	2
5747	3732
5748	3733
5749	23
5750	102
5751	1253
5752	2
5753	2
5754	9
5755	2
5756	3734
5757	3735
5758	3736
5759	23
5760	102
5761	33
5762	3737
5763	9
5764	3738
5765	2
5766	3739
5767	3740
5768	9
5769	9
5770	2
5771	3741
5772	3742
5773	42
5774	2
5775	3743
5776	3744
5777	2
5778	2
5779	3745
5780	2
5781	2
5782	3746
5783	23
5784	42
5785	3747
5786	3748
5787	9
5788	3749
5789	23
5790	3750
5791	3751
5792	3752
5793	17
5794	3753
5795	9
5796	9
5797	33
5798	3754
5799	2
5800	3755
5801	17
5802	3756
5803	3757
5804	3758
5805	3759
5806	2
5807	3760
5808	3761
5809	9
5810	3762
5811	3763
5812	3764
5813	3765
5814	23
5815	3766
5816	3767
5817	3768
5818	3769
5819	3770
5820	3771
5821	3772
5822	17
5823	3773
5824	3774
5825	3775
5826	3776
5827	16
5828	3777
5829	2
5830	3778
5831	17
5832	3779
5833	3780
5834	17
5835	102
5836	3781
5837	23
5838	3782
5839	3783
5840	3784
5841	102
5842	3785
5843	3786
5844	3787
5845	17
5846	3788
5847	17
5848	9
5849	3789
5850	9
5851	3790
5852	3791
5853	16
5854	3792
5855	2
5856	3793
5857	3794
5858	3795
5859	17
5860	23
5861	3796
5862	42
5863	3797
5864	17
5865	3798
5866	3799
5867	3800
5868	3801
5869	3802
5870	3803
5871	3804
5872	3805
5873	3806
5874	3807
5875	3808
5876	3809
5877	3810
5878	3811
5879	3812
5880	3813
5881	3814
5882	9
5883	3815
5884	3816
5885	3817
5886	3818
5887	23
5888	3819
5889	42
5890	23
5891	9
5892	42
5893	3820
5894	3821
5895	3822
5896	9
5897	3823
5898	3824
5899	3825
5900	3826
5901	3827
5902	23
5903	9
5904	3828
5905	9
5906	23
5907	2
5908	3829
5909	3830
5910	3831
5911	102
5912	3832
5913	3833
5914	2
5915	23
5916	3834
5917	3835
5918	81
5919	3836
5920	3837
5921	3838
5922	81
5923	33
5924	3839
5925	42
5926	9
5927	81
5928	3840
5929	3841
5930	3842
5931	3843
5932	3844
5933	3845
5934	2
5935	2
5936	3846
5937	3847
5938	67
5939	3848
5940	3849
5941	3850
5942	23
5943	2
5944	3851
5945	33
5946	9
5947	3852
5948	3853
5949	42
5950	3854
5951	3855
5952	2
5953	3856
5954	3857
5955	3858
5956	3859
5957	3860
5958	81
5959	1253
5960	9
5961	3861
5962	3862
5963	9
5964	3863
5965	9
5966	3864
5967	3865
5968	2
5969	3866
5970	2
5971	3867
5972	9
5973	23
5974	3868
5975	2
5976	17
5977	3869
5978	3870
5979	3871
5980	3872
5981	3873
5982	9
5983	3874
5984	9
5985	3875
5986	3876
5987	2
5988	3877
5989	9
5990	2
5991	3878
5992	102
5993	3879
5994	3880
5995	3881
5996	9
5997	23
5998	102
5999	2
6000	33
6001	3882
6002	3883
6003	2
6004	3884
6005	2
6006	3885
6007	3886
6008	9
6009	3887
6010	3888
6011	2
6012	3889
6013	3890
6014	2
6015	9
6016	3891
6017	17
6018	3892
6019	23
6020	23
6021	3893
6022	3894
6023	3895
6024	3896
6025	3897
6026	9
6027	2
6028	33
6029	17
6030	2
6031	9
6032	9
6033	3898
6034	3899
6035	3900
6036	3901
6037	2
6038	9
6039	3902
6040	3903
6041	3904
6042	3905
6043	3906
6044	3907
6045	9
6046	3908
6047	2
6048	81
6049	3909
6050	3910
6051	3911
6052	3912
6053	33
6054	23
6055	2
6056	9
6057	3913
6058	3914
6059	17
6060	3915
6061	2
6062	9
6063	3916
6064	3917
6065	17
6066	3918
6067	17
6068	3919
6069	9
6070	3920
6071	3921
6072	3922
6073	3923
6074	3924
6075	3925
6076	23
6077	3926
6078	3927
6079	3928
6080	102
6081	3929
6082	3930
6083	3931
6084	3932
6085	2
6086	3933
6087	2
6088	2
6089	3934
6090	3935
6091	3936
6092	2
6093	9
6094	2
6095	3937
6096	42
6097	2
6098	3938
6099	3939
6100	2
6101	3940
6102	3941
6103	9
6104	23
6105	2
6106	3942
6107	3943
6108	3944
6109	3945
6110	3946
6111	3947
6112	9
6113	102
6114	3948
6115	2
6116	2
6117	3949
6118	3950
6119	3951
6120	3952
6121	9
6122	17
6123	3953
6124	2
6125	42
6126	3954
6127	9
6128	3955
6129	3956
6130	3957
6131	3958
6132	2
6133	9
6134	81
6135	9
6136	3959
6137	9
6138	2
6139	3960
6140	2
6141	3961
6142	3962
6143	3963
6144	42
6145	3964
6146	17
6147	3965
6148	9
6149	3966
6150	3967
6151	3968
6152	3969
6153	9
6154	3970
6155	3971
6156	3972
6157	3973
6158	3974
6159	3975
6160	3976
6161	2
6162	3977
6163	3978
6164	3979
6165	3980
6166	3981
6167	2
6168	3982
6169	3983
6170	3984
6171	2
6172	9
6173	3985
6174	3986
6175	3987
6176	3988
6177	3989
6178	3990
6179	3991
6180	42
6181	3992
6182	3993
6183	3994
6184	3995
6185	3996
6186	9
6187	3997
6188	3998
6189	3999
6190	4000
6191	4001
6192	4002
6193	4003
6194	4004
6195	4005
6196	4006
6197	2
6198	4007
6199	4008
6200	4009
6201	23
6202	4010
6203	17
6204	4011
6205	4012
6206	4013
6207	4014
6208	4015
6209	4016
6210	4017
6211	4018
6212	4019
6213	81
6214	4020
6215	4021
6216	4022
6217	4023
6218	2
6219	4024
6220	9
6221	42
6222	42
6223	4025
6224	9
6225	4026
6226	4027
6227	4028
6228	4029
6229	4030
6230	2
6231	4031
6232	4032
6233	4033
6234	4034
6235	4035
6236	23
6237	17
6238	4036
6239	4037
6240	4038
6241	9
6242	4039
6243	23
6244	2
6245	4040
6246	9
6247	4041
6248	4042
6249	2
6250	9
6251	33
6252	4043
6253	9
6254	4044
6255	4045
6256	4046
6257	17
6258	4047
6259	4048
6260	1253
6261	4049
6262	4050
6263	4051
6264	23
6265	4052
6266	4053
6267	4054
6268	9
6269	4055
6270	4056
6271	4057
6272	4058
6273	2
6274	4059
6275	4060
6276	4061
6277	4062
6278	42
6279	4063
6280	4064
6281	4065
6282	4066
6283	4067
6284	4068
6285	17
6286	4069
6287	2
6288	23
6289	4070
6290	9
6291	2
6292	102
6293	4071
6294	4072
6295	2
6296	2
6297	4073
6298	4074
6299	42
6300	81
6301	4075
6302	4076
6303	4077
6304	4078
6305	4079
6306	2
6307	2
6308	2
6309	42
6310	4080
6311	4081
6312	4082
6313	4083
6314	17
6315	17
6316	4084
6317	4085
6318	16
6319	9
6320	4086
6321	4087
6322	4088
6323	2
6324	4089
6325	4090
6326	2
6327	4091
6328	9
6329	9
6330	4092
6331	4093
6332	4094
6333	4095
6334	4096
6335	4097
6336	9
6337	4098
6338	102
6339	4099
6340	17
6341	9
6342	4100
6343	23
6344	9
6345	2
6346	4101
6347	4102
6348	9
6349	4103
6350	4104
6351	9
6352	9
6353	33
6354	17
6355	2
6356	4105
6357	17
6358	4106
6359	4107
6360	4108
6361	23
6362	2
6363	4109
6364	17
6365	17
6366	17
6367	4110
6368	33
6369	4111
6370	4112
6371	9
6372	17
6373	23
6374	4113
6375	4114
6376	4115
6377	2276
6378	42
6379	4116
6380	4117
6381	4118
6382	4119
6383	4120
6384	4121
6385	81
6386	2
6387	4122
6388	4123
6389	4124
6390	4125
6391	9
6392	42
6393	2
6394	23
6395	4126
6396	4127
6397	4128
6398	9
6399	9
6400	4129
6401	4130
6402	2
6403	23
6404	4131
6405	9
6406	4132
6407	102
6408	2
6409	4133
6410	4134
6411	9
6412	4135
6413	4136
6414	9
6415	2
6416	4137
6417	23
6418	2
6419	9
6420	42
6421	4138
6422	9
6423	4139
6424	4140
6425	4141
6426	2
6427	4142
6428	2
6429	4143
6430	4144
6431	9
6432	2
6433	4145
6434	4146
6435	17
6436	102
6437	4147
6438	4148
6439	4149
6440	9
6441	4150
6442	4151
6443	4152
6444	4153
6445	4154
6446	23
6447	2
6448	2
6449	4155
6450	4156
6451	4157
6452	9
6453	16
6454	4158
6455	23
6456	4159
6457	4160
6458	4161
6459	33
6460	9
6461	4162
6462	9
6463	4163
6464	4164
6465	4165
6466	4166
6467	42
6468	4167
6469	4168
6470	2
6471	9
6472	9
6473	17
6474	102
6475	102
6476	4169
6477	4170
6478	9
6479	4171
6480	2
6481	4172
6482	4173
6483	4174
6484	4175
6485	2
6486	4176
6487	9
6488	9
6489	4177
6490	4178
6491	4179
6492	9
6493	102
6494	4180
6495	17
6496	9
6497	4181
6498	4182
6499	4183
6500	4184
6501	9
6502	4185
6503	4186
6504	4187
6505	23
6506	4188
6507	4189
6508	4190
6509	2
6510	2
6511	2
6512	4191
6513	4192
6514	2
6515	9
6516	23
6517	9
6518	4193
6519	4194
6520	9
6521	4195
6522	4196
6523	4197
6524	4198
6525	81
6526	4199
6527	4200
6528	17
6529	4201
6530	4202
6531	9
6532	102
6533	4203
6534	4204
6535	4205
6536	9
6537	17
6538	4206
6539	4207
6540	4208
6541	4209
6542	4210
6543	4211
6544	2
6545	4212
6546	17
6547	4213
6548	4214
6549	4215
6550	4216
6551	4217
6552	9
6553	9
6554	9
6555	4218
6556	4219
6557	4220
6558	4221
6559	4222
6560	4223
6561	67
6562	4224
6563	4225
6564	2
6565	17
6566	9
6567	4226
6568	4227
6569	4228
6570	2
6571	23
6572	4229
6573	4230
6574	4231
6575	4232
6576	9
6577	4233
6578	4234
6579	2
6580	9
6581	2
6582	4235
6583	17
6584	2
6585	4236
6586	9
6587	4237
6588	4238
6589	4239
6590	4240
6591	4241
6592	81
6593	4242
6594	4243
6595	4244
6596	2
6597	9
6598	4245
6599	4246
6600	4247
6601	4248
6602	4249
6603	4250
6604	42
6605	4251
6606	23
6607	4252
6608	4253
6609	4254
6610	4255
6611	2
6612	4256
6613	4257
6614	4258
6615	2
6616	4259
6617	4260
6618	4261
6619	23
6620	4262
6621	4263
6622	4264
6623	4265
6624	4266
6625	17
6626	4267
6627	2
6628	4268
6629	4269
6630	4270
6631	4271
6632	2
6633	4272
6634	4273
6635	42
6636	23
6637	4274
6638	9
6639	2
6640	9
6641	9
6642	4275
6643	4276
6644	4277
6645	4278
6646	4279
6647	4280
6648	4281
6649	4282
6650	4283
6651	4284
6652	2
6653	4285
6654	9
6655	4286
6656	4287
6657	9
6658	4288
6659	4289
6660	4290
6661	9
6662	4291
6663	2
6664	4292
6665	2
6666	4293
6667	4294
6668	4295
6669	81
6670	17
6671	2
6672	4296
6673	4297
6674	4298
6675	4299
6676	4300
6677	4301
6678	2
6679	4302
6680	42
6681	4303
6682	4304
6683	102
6684	4305
6685	4306
6686	23
6687	23
6688	2
6689	42
6690	9
6691	4307
6692	4308
6693	4309
6694	4310
6695	23
6696	4311
6697	4312
6698	102
6699	2
6700	4313
6701	2
6702	4314
6703	4315
6704	4316
6705	17
6706	4317
6707	4318
6708	2
6709	2
6710	9
6711	4319
6712	4320
6713	4321
6714	16
6715	2
6716	2
6717	42
6718	23
6719	23
6720	2
6721	4322
6722	16
6723	17
6724	4323
6725	9
6726	4324
6727	16
6728	4325
6729	4326
6730	4327
6731	4328
6732	4329
6733	4330
6734	2
6735	4331
6736	9
6737	4332
6738	4333
6739	4334
6740	4335
6741	23
6742	4336
6743	9
6744	23
6745	4337
6746	42
6747	102
6748	4338
6749	33
6750	4339
6751	2
6752	4340
6753	4341
6754	4342
6755	4343
6756	4344
6757	4345
6758	4346
6759	23
6760	4347
6761	4348
6762	4349
6763	4350
6764	4351
6765	9
6766	4352
6767	4353
6768	4354
6769	4355
6770	9
6771	4356
6772	81
6773	4357
6774	4358
6775	4359
6776	4360
6777	4361
6778	9
6779	4362
6780	4363
6781	4364
6782	4365
6783	4366
6784	9
6785	81
6786	9
6787	4367
6788	4368
6789	4369
6790	9
6791	4370
6792	4371
6793	4372
6794	4373
6795	17
6796	42
6797	4374
6798	4375
6799	4376
6800	23
6801	2
6802	9
6803	9
6804	4377
6805	23
6806	4378
6807	4379
6808	4380
6809	23
6810	4381
6811	4382
6812	4383
6813	42
6814	4384
6815	9
6816	4385
6817	4386
6818	4387
6819	4388
6820	4389
6821	2
6822	4390
6823	4391
6824	4392
6825	42
6826	4393
6827	4394
6828	4395
6829	17
6830	2
6831	2
6832	17
6833	9
6834	2
6835	4396
6836	4397
6837	2
6838	17
6839	81
6840	4398
6841	9
6842	4399
6843	4400
6844	9
6845	4401
6846	4402
6847	4403
6848	17
6849	23
6850	4404
6851	9
6852	81
6853	23
6854	2
6855	4405
6856	9
6857	4406
6858	9
6859	9
6860	23
6861	4407
6862	4408
6863	9
6864	4409
6865	9
6866	4410
6867	9
6868	9
6869	4411
6870	16
6871	4412
6872	81
6873	4413
6874	4414
6875	4415
6876	9
6877	17
6878	4416
6879	4417
6880	4418
6881	4419
6882	4420
6883	9
6884	4421
6885	2
6886	4422
6887	4423
6888	102
6889	102
6890	1253
6891	9
6892	4424
6893	17
6894	9
6895	4425
6896	4426
6897	4427
6898	4428
6899	4429
6900	9
6901	4430
6902	4431
6903	4432
6904	4433
6905	17
6906	33
6907	4434
6908	4435
6909	4436
6910	4437
6911	4438
6912	4439
6913	23
6914	4440
6915	4441
6916	4442
6917	4443
6918	4444
6919	4445
6920	2
6921	23
6922	4446
6923	4447
6924	4448
6925	4449
6926	4450
6927	4451
6928	2
6929	4452
6930	4453
6931	4454
6932	102
6933	67
6934	4455
6935	4456
6936	4457
6937	67
6938	4458
6939	23
6940	9
6941	16
6942	4459
6943	4460
6944	4461
6945	17
6946	4462
6947	4463
6948	4464
6949	4465
6950	17
6951	2
6952	4466
6953	4467
6954	9
6955	4468
6956	4469
6957	2
6958	4470
6959	4471
6960	4472
6961	102
6962	4473
6963	4474
6964	4475
6965	4476
6966	4477
6967	4478
6968	4479
6969	23
6970	102
6971	4480
6972	2
6973	33
6974	4481
6975	2
6976	4482
6977	4483
6978	1253
6979	9
6980	4484
6981	23
6982	2
6983	4485
6984	4486
6985	4487
6986	4488
6987	4489
6988	2
6989	4490
6990	4491
6991	2
6992	4492
6993	2
6994	2
6995	4493
6996	17
6997	4494
6998	4495
6999	4496
7000	17
7001	2
7002	4497
7003	4498
7004	4499
7005	4500
7006	4501
7007	4502
7008	4503
7009	4504
7010	2
7011	9
7012	4505
7013	4506
7014	4507
7015	4508
7016	4509
7017	4510
7018	4511
7019	4512
7020	4513
7021	102
7022	2
7023	4514
7024	4515
7025	9
7026	4516
7027	42
7028	4517
7029	4518
7030	2
7031	4519
7032	9
7033	4520
7034	2
7035	4521
7036	2
7037	4522
7038	4523
7039	4524
7040	4525
7041	4526
7042	4527
7043	4528
7044	23
7045	81
7046	9
7047	2
7048	4529
7049	4530
7050	4531
7051	4532
7052	4533
7053	9
7054	102
7055	4534
7056	2
7057	81
7058	23
7059	9
7060	4535
7061	2
7062	4536
7063	4537
7064	4538
7065	4539
7066	2
7067	4540
7068	2
7069	23
7070	9
7071	4541
7072	42
7073	4542
7074	1253
7075	4543
7076	4544
7077	4545
7078	9
7079	4546
7080	102
7081	2
7082	2
7083	102
7084	4547
7085	9
7086	2
7087	4548
7088	4549
7089	4550
7090	4551
7091	4552
7092	2
7093	4553
7094	16
7095	4554
7096	4555
7097	4556
7098	102
7099	4557
7100	4558
7101	4559
7102	4560
7103	4561
7104	4562
7105	2
7106	4563
7107	4564
7108	4565
7109	4566
7110	42
7111	4567
7112	4568
7113	42
7114	4569
7115	16
7116	4570
7117	4571
7118	4572
7119	4573
7120	9
7121	2
7122	4574
7123	4575
7124	4576
7125	2
7126	4577
7127	16
7128	4578
7129	4579
7130	4580
7131	4581
7132	9
7133	4582
7134	4583
7135	102
7136	2
7137	4584
7138	2
7139	23
7140	4585
7141	4586
7142	17
7143	4587
7144	4588
7145	4589
7146	4590
7147	4591
7148	9
7149	4592
7150	4593
7151	4594
7152	4595
7153	4596
7154	4597
7155	9
7156	4598
7157	4599
7158	81
7159	4600
7160	2
7161	4601
7162	4602
7163	4603
7164	4604
7165	4605
7166	33
7167	42
7168	4606
7169	4607
7170	4608
7171	4609
7172	23
7173	23
7174	2
7175	4610
7176	42
7177	4611
7178	4612
7179	4613
7180	4614
7181	4615
7182	2
7183	9
7184	4616
7185	4617
7186	2
7187	9
7188	4618
7189	4619
7190	2
7191	4620
7192	2
7193	9
7194	4621
7195	4622
7196	23
7197	4623
7198	4624
7199	102
7200	4625
7201	2
7202	42
7203	42
7204	2
7205	4626
7206	4627
7207	2
7208	4628
7209	4629
7210	9
7211	2
7212	23
7213	4630
7214	4631
7215	4632
7216	4633
7217	17
7218	102
7219	4634
7220	2
7221	4635
7222	4636
7223	2
7224	4637
7225	4638
7226	4639
7227	4640
7228	2
7229	9
7230	4641
7231	4642
7232	4643
7233	23
7234	9
7235	4644
7236	4645
7237	9
7238	4646
7239	4647
7240	4648
7241	4649
7242	4650
7243	4651
7244	4652
7245	2
7246	4653
7247	2
7248	4654
7249	2
7250	4655
7251	4656
7252	4657
7253	4658
7254	4659
7255	4660
7256	4661
7257	102
7258	17
7259	4662
7260	4663
7261	4664
7262	4665
7263	4666
7264	2
7265	9
7266	16
7267	16
7268	4667
7269	4668
7270	2
7271	4669
7272	4670
7273	4671
7274	4672
7275	9
7276	4673
7277	4674
7278	4675
7279	4676
7280	4677
7281	17
7282	1253
7283	4678
7284	81
7285	4679
7286	4680
7287	4681
7288	9
7289	4682
7290	4683
7291	4684
7292	4685
7293	4686
7294	4687
7295	23
7296	4688
7297	33
7298	4689
7299	4690
7300	2
7301	9
7302	16
7303	4691
7304	4692
7305	4693
7306	2
7307	42
7308	4694
7309	4695
7310	4696
7311	102
7312	23
7313	4697
7314	4698
7315	102
7316	81
7317	4699
7318	4700
7319	4701
7320	4702
7321	42
7322	81
7323	17
7324	17
7325	4703
7326	4704
7327	4705
7328	102
7329	4706
7330	4707
7331	4708
7332	9
7333	4709
7334	4710
7335	4711
7336	42
7337	4712
7338	4713
7339	9
7340	4714
7341	2
7342	2
7343	2
7344	4715
7345	4716
7346	4717
7347	4718
7348	4719
7349	2
7350	4720
7351	4721
7352	2
7353	4722
7354	81
7355	1253
7356	4723
7357	17
7358	4724
7359	4725
7360	4726
7361	23
7362	33
7363	4727
7364	4728
7365	4729
7366	4730
7367	102
7368	4731
7369	9
7370	4732
7371	4733
7372	4734
7373	9
7374	4735
7375	2
7376	9
7377	4736
7378	4737
7379	9
7380	4738
7381	4739
7382	4740
7383	4741
7384	4742
7385	4743
7386	17
7387	23
7388	4744
7389	4745
7390	17
7391	4746
7392	4747
7393	23
7394	4748
7395	4749
7396	4750
7397	2
7398	4751
7399	4752
7400	9
7401	4753
7402	4754
7403	4755
7404	4756
7405	4757
7406	2
7407	2
7408	4758
7409	4759
7410	4760
7411	4761
7412	4762
7413	2
7414	4763
7415	9
7416	4764
7417	4765
7418	4766
7419	81
7420	4767
7421	4768
7422	16
7423	9
7424	4769
7425	4770
7426	2
7427	9
7428	4771
7429	4772
7430	4773
7431	4774
7432	9
7433	4775
7434	4776
7435	4777
7436	4778
7437	4779
7438	4780
7439	4781
7440	4782
7441	23
7442	2
7443	9
7444	17
7445	4783
7446	4784
7447	2
7448	4785
7449	102
7450	4786
7451	4787
7452	4788
7453	4789
7454	2
7455	4790
7456	4791
7457	4792
7458	4793
7459	4794
7460	4795
7461	4796
7462	4797
7463	1253
7464	4798
7465	9
7466	4799
7467	4800
7468	4801
7469	16
7470	23
7471	23
7472	4802
7473	4803
7474	4804
7475	4805
7476	9
7477	4806
7478	42
7479	4807
7480	2
7481	4808
7482	2
7483	23
7484	23
7485	4809
7486	4810
7487	102
7488	4811
7489	81
7490	4812
7491	2
7492	4813
7493	4814
7494	4815
7495	4816
7496	4817
7497	4818
7498	4819
7499	42
7500	4820
7501	4821
7502	4822
7503	4823
7504	9
7505	4824
7506	4825
7507	4826
7508	4827
7509	33
7510	4828
7511	81
7512	4829
7513	4830
7514	2
7515	4831
7516	9
7517	4832
7518	23
7519	102
7520	4833
7521	4834
7522	33
7523	4835
7524	4836
7525	33
7526	4837
7527	4838
7528	4839
7529	4840
7530	4841
7531	4842
7532	2
7533	4843
7534	4844
7535	102
7536	4845
7537	4846
7538	33
7539	4847
7540	4848
7541	4849
7542	4850
7543	9
7544	4851
7545	4852
7546	4853
7547	4854
7548	4855
7549	9
7550	4856
7551	9
7552	102
7553	4857
7554	4858
7555	4859
7556	33
7557	4860
7558	4861
7559	81
7560	4862
7561	4863
7562	4864
7563	4865
7564	4866
7565	2
7566	23
7567	16
7568	4867
7569	17
7570	4868
7571	2
7572	17
7573	42
7574	4869
7575	4870
7576	4871
7577	4872
7578	4873
7579	9
7580	4874
7581	17
7582	9
7583	4875
7584	4876
7585	16
7586	102
7587	2
7588	4877
7589	2
7590	4878
7591	2
7592	4879
7593	4880
7594	4881
7595	102
7596	4882
7597	2
7598	42
7599	4883
7600	9
7601	2
7602	4884
7603	9
7604	4885
7605	4886
7606	4887
7607	9
7608	4888
7609	33
7610	4889
7611	2
7612	4890
7613	4891
7614	2
7615	4892
7616	33
7617	4893
7618	4894
7619	4895
7620	2
7621	17
7622	4896
7623	4897
7624	4898
7625	4899
7626	17
7627	9
7628	23
7629	4900
7630	2
7631	4901
7632	2
7633	4902
7634	4903
7635	4904
7636	4905
7637	9
7638	4906
7639	33
7640	4907
7641	4908
7642	4909
7643	4910
7644	2
7645	4911
7646	9
7647	4912
7648	9
7649	4913
7650	4914
7651	4915
7652	102
7653	9
7654	42
7655	9
7656	23
7657	2
7658	4916
7659	4917
7660	4918
7661	4919
7662	4920
7663	81
7664	33
7665	4921
7666	4922
7667	4923
7668	4924
7669	4925
7670	4926
7671	4927
7672	4928
7673	4929
7674	23
7675	17
7676	4930
7677	4931
7678	4932
7679	4933
7680	4934
7681	2
7682	4935
7683	4936
7684	2
7685	9
7686	4937
7687	9
7688	4938
7689	9
7690	4939
7691	4940
7692	2
7693	4941
7694	4942
7695	4943
7696	23
7697	9
7698	4944
7699	4945
7700	4946
7701	4947
7702	4948
7703	4949
7704	9
7705	102
7706	33
7707	16
7708	4950
7709	4951
7710	4952
7711	9
7712	4953
7713	4954
7714	23
7715	42
7716	4955
7717	9
7718	17
7719	33
7720	4956
7721	9
7722	4957
7723	4958
7724	23
7725	4959
7726	4960
7727	4961
7728	2
7729	9
7730	33
7731	4962
7732	16
7733	4963
7734	9
7735	4964
7736	4965
7737	4966
7738	4967
7739	9
7740	17
7741	4968
7742	4969
7743	23
7744	4970
7745	4971
7746	4972
7747	4973
7748	33
7749	4974
7750	4975
7751	4976
7752	4977
7753	2
7754	4978
7755	17
7756	4979
7757	4980
7758	2
7759	4981
7760	2
7761	4982
7762	4983
7763	23
7764	33
7765	4984
7766	9
7767	4985
7768	4986
7769	4987
7770	4988
7771	9
7772	4989
7773	23
7774	17
7775	4990
7776	4991
7777	4992
7778	4993
7779	4994
7780	4995
7781	2
7782	4996
7783	42
7784	4997
7785	4998
7786	9
7787	23
7788	4999
7789	5000
7790	5001
7791	5002
7792	5003
7793	5004
7794	5005
7795	5006
7796	5007
7797	5008
7798	5009
7799	5010
7800	102
7801	5011
7802	102
7803	5012
7804	102
7805	5013
7806	5014
7807	17
7808	2
7809	9
7810	5015
7811	42
7812	5016
7813	2
7814	2
7815	5017
7816	5018
7817	5019
7818	5020
7819	5021
7820	9
7821	5022
7822	2
7823	5023
7824	5024
7825	5025
7826	5026
7827	2
7828	5027
7829	5028
7830	5029
7831	17
7832	102
7833	5030
7834	2
7835	2
7836	5031
7837	67
7838	5032
7839	5033
7840	5034
7841	5035
7842	5036
7843	9
7844	5037
7845	5038
7846	5039
7847	23
7848	5040
7849	5041
7850	81
7851	9
7852	5042
7853	5043
7854	5044
7855	9
7856	5045
7857	5046
7858	5047
7859	5048
7860	9
7861	5049
7862	5050
7863	23
7864	5051
7865	5052
7866	5053
7867	5054
7868	17
7869	5055
7870	5056
7871	5057
7872	5058
7873	23
7874	42
7875	5059
7876	5060
7877	5061
7878	2
7879	5062
7880	5063
7881	5064
7882	42
7883	5065
7884	5066
7885	5067
7886	16
7887	5068
7888	5069
7889	5070
7890	5071
7891	5072
7892	23
7893	2
7894	23
7895	5073
7896	5074
7897	102
7898	5075
7899	9
7900	9
7901	5076
7902	5077
7903	1253
7904	5078
7905	5079
7906	5080
7907	5081
7908	9
7909	5082
7910	5083
7911	9
7912	5084
7913	5085
7914	9
7915	5086
7916	5087
7917	2
7918	9
7919	5088
7920	9
7921	5089
7922	5090
7923	5091
7924	5092
7925	9
7926	5093
7927	17
7928	2
7929	5094
7930	33
7931	9
7932	5095
7933	2
7934	5096
7935	5097
7936	5098
7937	5099
7938	9
7939	5100
7940	5101
7941	5102
7942	5103
7943	42
7944	5104
7945	2
7946	5105
7947	17
7948	5106
7949	23
7950	5107
7951	5108
7952	42
7953	5109
7954	2
7955	5110
7956	5111
7957	42
7958	5112
7959	5113
7960	17
7961	5114
7962	5115
7963	9
7964	5116
7965	5117
7966	5118
7967	5119
7968	5120
7969	5121
7970	2
7971	5122
7972	81
7973	5123
7974	23
7975	5124
7976	23
7977	5125
7978	5126
7979	5127
7980	5128
7981	2
7982	23
7983	9
7984	5129
7985	5130
7986	5131
7987	5132
7988	2
7989	5133
7990	5134
7991	67
7992	9
7993	5135
7994	5136
7995	5137
7996	5138
7997	5139
7998	5140
7999	5141
8000	5142
8001	102
8002	5143
8003	5144
8004	2
8005	5145
8006	9
8007	2
8008	2
8009	5146
8010	5147
8011	5148
8012	102
8013	5149
8014	9
8015	5150
8016	5151
8017	5152
8018	5153
8019	17
8020	102
8021	5154
8022	9
8023	5155
8024	102
8025	5156
8026	5157
8027	102
8028	5158
8029	5159
8030	5160
8031	5161
8032	5162
8033	5163
8034	9
8035	23
8036	5164
8037	42
8038	5165
8039	5166
8040	5167
8041	5168
8042	5169
8043	5170
8044	5171
8045	5172
8046	5173
8047	5174
8048	5175
8049	5176
8050	5177
8051	9
8052	5178
8053	42
8054	5179
8055	5180
8056	2
8057	5181
8058	5182
8059	5183
8060	9
8061	42
8062	9
8063	5184
8064	2
8065	9
8066	5185
8067	23
8068	2
8069	2
8070	9
8071	5186
8072	5187
8073	5188
8074	42
8075	5189
8076	5190
8077	5191
8078	5192
8079	5193
8080	5194
8081	81
8082	5195
8083	5196
8084	5197
8085	5198
8086	2
8087	5199
8088	5200
8089	9
8090	5201
8091	5202
8092	5203
8093	5204
8094	5205
8095	16
8096	5206
8097	5207
8098	5208
8099	5209
8100	9
8101	9
8102	5210
8103	81
8104	5211
8105	1253
8106	5212
8107	5213
8108	5214
8109	2
8110	81
8111	5215
8112	5216
8113	17
8114	5217
8115	9
8116	5218
8117	9
8118	5219
8119	5220
8120	5221
8121	2
8122	17
8123	9
8124	2
8125	5222
8126	5223
8127	5224
8128	2
8129	5225
8130	2
8131	5226
8132	5227
8133	2
8134	23
8135	42
8136	5228
8137	9
8138	5229
8139	5230
8140	5231
8141	9
8142	5232
8143	5233
8144	2
8145	23
8146	17
8147	5234
8148	5235
8149	9
8150	5236
8151	5237
8152	5238
8153	5239
8154	5240
8155	2
8156	9
8157	5241
8158	5242
8159	2
8160	5243
8161	5244
8162	5245
8163	2
8164	5246
8165	5247
8166	5248
8167	5249
8168	5250
8169	5251
8170	5252
8171	9
8172	5253
8173	5254
8174	5255
8175	5256
8176	5257
8177	9
8178	5258
8179	5259
8180	5260
8181	2
8182	2
8183	23
8184	5261
8185	5262
8186	2
8187	2
8188	5263
8189	5264
8190	5265
8191	5266
8192	5267
8193	9
8194	23
8195	5268
8196	5269
8197	5270
8198	17
8199	102
8200	9
8201	9
8202	5271
8203	9
8204	2
8205	5272
8206	9
8207	5273
8208	81
8209	23
8210	5274
8211	9
8212	5275
8213	9
8214	5276
8215	5277
8216	2
8217	2
8218	5278
8219	5279
8220	23
8221	5280
8222	5281
8223	5282
8224	5283
8225	2
8226	5284
8227	5285
8228	5286
8229	5287
8230	17
8231	9
8232	5288
8233	33
8234	5289
8235	5290
8236	5291
8237	5292
8238	33
8239	5293
8240	23
8241	9
8242	17
8243	5294
8244	23
8245	5295
8246	5296
8247	5297
8248	5298
8249	5299
8250	5300
8251	9
8252	16
8253	9
8254	5301
8255	5302
8256	5303
8257	5304
8258	5305
8259	9
8260	5306
8261	2
8262	33
8263	5307
8264	5308
8265	5309
8266	2
8267	9
8268	5310
8269	5311
8270	5312
8271	5313
8272	5314
8273	5315
8274	23
8275	5316
8276	5317
8277	2
8278	5318
8279	5319
8280	23
8281	5320
8282	5321
8283	5322
8284	5323
8285	5324
8286	2
8287	17
8288	5325
8289	9
8290	5326
8291	81
8292	9
8293	5327
8294	5328
8295	5329
8296	5330
8297	81
8298	5331
8299	5332
8300	5333
8301	9
8302	5334
8303	5335
8304	2
8305	42
8306	5336
8307	5337
8308	5338
8309	5339
8310	5340
8311	5341
8312	5342
8313	23
8314	5343
8315	5344
8316	5345
8317	5346
8318	5347
8319	5348
8320	5349
8321	9
8322	5350
8323	5351
8324	5352
8325	9
8326	5353
8327	5354
8328	5355
8329	5356
8330	5357
8331	5358
8332	5359
8333	9
8334	23
8335	5360
8336	5361
8337	5362
8338	5363
8339	5364
8340	5365
8341	5366
8342	5367
8343	5368
8344	23
8345	23
8346	5369
8347	33
8348	2
8349	23
8350	81
8351	5370
8352	2
8353	33
8354	5371
8355	33
8356	5372
8357	5373
8358	5374
8359	33
8360	5375
8361	2
8362	5376
8363	5377
8364	17
8365	5378
8366	5379
8367	42
8368	2
8369	16
8370	5380
8371	33
8372	5381
8373	2
8374	33
8375	17
8376	5382
8377	5383
8378	5384
8379	5385
8380	5386
8381	5387
8382	5388
8383	5389
8384	5390
8385	5391
8386	5392
8387	5393
8388	2
8389	17
8390	5394
8391	5395
8392	42
8393	5396
8394	5397
8395	5398
8396	5399
8397	5400
8398	5401
8399	102
8400	5402
8401	2
8402	5403
8403	5404
8404	9
8405	16
8406	16
8407	2
8408	5405
8409	5406
8410	17
8411	2
8412	5407
8413	9
8414	5408
8415	5409
8416	2
8417	23
8418	9
8419	5410
8420	9
8421	17
8422	5411
8423	5412
8424	5413
8425	5414
8426	5415
8427	5416
8428	5417
8429	5418
8430	5419
8431	5420
8432	5421
8433	42
8434	5422
8435	5423
8436	17
8437	2
8438	5424
8439	5425
8440	17
8441	23
8442	5426
8443	5427
8444	9
8445	33
8446	5428
8447	102
8448	5429
8449	5430
8450	17
8451	9
8452	5431
8453	5432
8454	5433
8455	5434
8456	16
8457	9
8458	2
8459	2
8460	9
8461	5435
8462	5436
8463	5437
8464	5438
8465	9
8466	5439
8467	5440
8468	16
8469	5441
8470	2
8471	5442
8472	5443
8473	9
8474	9
8475	5444
8476	2
8477	23
8478	5445
8479	5446
8480	5447
8481	2
8482	5448
8483	5449
8484	9
8485	5450
8486	9
8487	5451
8488	5452
8489	5453
8490	5454
8491	5455
8492	5456
8493	5457
8494	5458
8495	5459
8496	5460
8497	5461
8498	23
8499	5462
8500	2
8501	17
8502	16
8503	1253
8504	23
8505	2
8506	5463
8507	102
8508	9
8509	5464
8510	5465
8511	5466
8512	42
8513	5467
8514	5468
8515	33
8516	5469
8517	5470
8518	5471
8519	81
8520	5472
8521	9
8522	9
8523	5473
8524	5474
8525	42
8526	5475
8527	33
8528	5476
8529	5477
8530	2
8531	5478
8532	9
8533	5479
8534	5480
8535	2
8536	5481
8537	5482
8538	9
8539	9
8540	5483
8541	5484
8542	5485
8543	5486
8544	2
8545	5487
8546	5488
8547	9
8548	5489
8549	5490
8550	1253
8551	5491
8552	5492
8553	5493
8554	5494
8555	5495
8556	5496
8557	9
8558	16
8559	2
8560	5497
8561	2
8562	5498
8563	2
8564	9
8565	81
8566	5499
8567	23
8568	5500
8569	5501
8570	5502
8571	5503
8572	5504
8573	23
8574	9
8575	5505
8576	9
8577	5506
8578	9
8579	17
8580	2
8581	17
8582	5507
8583	42
8584	5508
8585	9
8586	33
8587	5509
8588	17
8589	5510
8590	5511
8591	2
8592	5512
8593	5513
8594	81
8595	5514
8596	5515
8597	16
8598	5516
8599	102
8600	5517
8601	5518
8602	5519
8603	5520
8604	9
8605	5521
