1	2
2	0
3	1
4	2
5	3
6	4
7	5
8	6
9	7
10	8
11	9
12	10
13	11
14	12
15	13
16	14
17	9
18	15
19	9
20	16
21	17
22	18
23	19
24	20
25	9
26	21
27	9
28	22
29	23
30	24
31	9
32	25
33	26
34	27
35	28
36	29
37	17
38	30
39	9
40	31
41	32
42	9
43	33
44	23
45	17
46	34
47	2
48	9
49	35
50	2
51	2
52	36
53	37
54	38
55	39
56	40
57	41
58	66
59	41
60	42
61	43
62	17
63	44
64	45
65	46
66	47
67	48
68	49
69	50
70	51
71	52
72	53
73	9
74	2
75	54
76	55
77	41
78	2
79	56
80	57
81	58
82	41
83	59
84	60
85	9
86	9
87	61
88	62
89	63
90	16
91	64
92	65
93	66
94	2
95	67
96	9
97	68
98	69
99	2
100	41
101	23
102	70
103	9
104	71
105	72
106	73
107	74
108	75
109	76
110	23
111	77
112	17
113	78
114	9
115	79
116	9
117	836
118	80
119	81
120	82
121	83
122	84
123	9
124	85
125	9
126	9
127	2
128	86
129	87
130	2
131	16
132	88
133	2
134	9
135	17
136	23
137	89
138	90
139	91
140	9
141	92
142	9
143	93
144	94
145	95
146	2
147	17
148	96
149	97
150	98
151	99
152	100
153	2
154	9
155	101
156	102
157	103
158	41
159	2
160	41
161	104
162	105
163	106
164	9
165	107
166	108
167	109
168	2
169	110
170	2
171	111
172	112
173	9
174	41
175	113
176	114
177	41
178	115
179	9
180	116
181	117
182	2
183	118
184	119
185	120
186	121
187	122
188	123
189	41
190	9
191	124
192	125
193	126
194	2
195	127
196	128
197	41
198	129
199	130
200	2
201	131
202	132
203	23
204	836
205	2
206	133
207	134
208	135
209	136
210	137
211	138
212	9
213	139
214	140
215	141
216	23
217	142
218	101
219	143
220	144
221	145
222	9
223	146
224	147
225	148
226	149
227	150
228	151
229	9
230	23
231	152
232	153
233	9
234	2
235	154
236	9
237	9
238	155
239	156
240	9
241	157
242	158
243	17
244	159
245	160
246	161
247	162
248	9
249	163
250	9
251	17
252	164
253	165
254	166
255	2
256	167
257	168
258	169
259	170
260	171
261	23
262	9
263	172
264	173
265	174
266	175
267	176
268	177
269	178
270	179
271	180
272	9
273	2
274	181
275	17
276	182
277	23
278	183
279	9
280	41
281	101
282	84
283	9
284	101
285	184
286	185
287	186
288	17
289	16
290	9
291	187
292	188
293	2
294	189
295	190
296	191
297	192
298	193
299	194
300	41
301	9
302	2
303	195
304	196
305	197
306	198
307	199
308	200
309	201
310	202
311	203
312	204
313	2
314	205
315	9
316	206
317	9
318	23
319	207
320	208
321	209
322	210
323	9
324	17
325	23
326	211
327	212
328	213
329	214
330	215
331	17
332	216
333	217
334	23
335	218
336	219
337	220
338	221
339	222
340	101
341	223
342	17
343	2
344	9
345	2
346	224
347	225
348	226
349	9
350	227
351	23
352	228
353	229
354	230
355	23
356	231
357	232
358	23
359	233
360	234
361	23
362	235
363	17
364	236
365	9
366	237
367	101
368	238
369	239
370	9
371	240
372	241
373	2
374	242
375	243
376	244
377	2
378	9
379	245
380	9
381	246
382	247
383	248
384	9
385	84
386	249
387	250
388	17
389	9
390	251
391	252
392	253
393	254
394	9
395	255
396	256
397	17
398	257
399	101
400	258
401	66
402	9
403	259
404	9
405	260
406	23
407	23
408	2
409	261
410	9
411	262
412	263
413	264
414	265
415	266
416	2
417	267
418	2
419	268
420	269
421	270
422	271
423	272
424	273
425	9
426	2
427	2
428	274
429	275
430	276
431	2
432	2
433	17
434	9
435	9
436	277
437	17
438	278
439	279
440	9
441	280
442	2
443	281
444	282
445	283
446	23
447	284
448	285
449	23
450	286
451	287
452	17
453	23
454	288
455	84
456	2
457	289
458	290
459	291
460	292
461	293
462	294
463	295
464	296
465	2
466	41
467	297
468	9
469	298
470	299
471	300
472	2
473	301
474	302
475	303
476	304
477	23
478	305
479	2
480	2
481	306
482	307
483	308
484	309
485	310
486	311
487	2
488	312
489	9
490	2
491	313
492	314
493	101
494	315
495	316
496	23
497	317
498	2
499	318
500	319
501	320
502	321
503	9
504	322
505	323
506	324
507	325
508	326
509	327
510	328
511	329
512	16
513	330
514	331
515	23
516	9
517	332
518	9
519	9
520	17
521	333
522	334
523	335
524	336
525	41
526	9
527	23
528	337
529	338
530	339
531	340
532	84
533	341
534	342
535	101
536	343
537	344
538	345
539	2
540	2
541	346
542	347
543	23
544	23
545	348
546	349
547	350
548	351
549	9
550	66
551	352
552	353
553	9
554	354
555	101
556	355
557	356
558	357
559	358
560	9
561	359
562	360
563	9
564	361
565	362
566	9
567	363
568	364
569	23
570	2
571	365
572	366
573	367
574	368
575	369
576	2
577	2
578	370
579	371
580	66
581	372
582	373
583	374
584	9
585	375
586	376
587	377
588	378
589	379
590	9
591	9
592	380
593	381
594	382
595	383
596	384
597	385
598	386
599	387
600	16
601	388
602	389
603	390
604	391
605	9
606	392
607	393
608	394
609	2
610	395
611	396
612	397
613	101
614	17
615	2
616	398
617	17
618	399
619	400
620	401
621	402
622	2
623	23
624	403
625	404
626	405
627	2
628	406
629	2
630	407
631	9
632	23
633	9
634	41
635	408
636	409
637	2
638	410
639	2
640	411
641	2
642	9
643	412
644	413
645	414
646	23
647	415
648	416
649	17
650	417
651	418
652	2
653	419
654	420
655	421
656	422
657	423
658	424
659	425
660	426
661	9
662	2
663	427
664	428
665	429
666	430
667	101
668	23
669	9
670	2
671	431
672	432
673	9
674	433
675	9
676	434
677	435
678	9
679	9
680	436
681	437
682	438
683	41
684	439
685	440
686	441
687	2
688	442
689	443
690	9
691	444
692	23
693	445
694	9
695	446
696	447
697	23
698	448
699	449
700	450
701	451
702	452
703	453
704	454
705	17
706	455
707	2
708	17
709	456
710	457
711	458
712	16
713	101
714	459
715	460
716	23
717	461
718	9
719	462
720	463
721	464
722	101
723	9
724	2
725	23
726	465
727	2
728	17
729	101
730	466
731	467
732	468
733	469
734	9
735	470
736	471
737	472
738	9
739	473
740	9
741	474
742	475
743	476
744	477
745	41
746	478
747	479
748	480
749	481
750	2
751	482
752	483
753	484
754	485
755	486
756	487
757	41
758	41
759	488
760	17
761	489
762	2
763	490
764	491
765	492
766	493
767	23
768	17
769	494
770	495
771	496
772	101
773	497
774	498
775	499
776	9
777	500
778	9
779	501
780	502
781	503
782	9
783	504
784	505
785	506
786	507
787	101
788	17
789	508
790	17
791	9
792	509
793	510
794	511
795	512
796	9
797	513
798	514
799	515
800	516
801	23
802	517
803	518
804	2
805	519
806	520
807	2
808	521
809	522
810	23
811	523
812	524
813	525
814	526
815	527
816	9
817	2
818	9
819	528
820	529
821	23
822	530
823	531
824	532
825	533
826	534
827	535
828	536
829	2
830	41
831	537
832	9
833	538
834	539
835	540
836	101
837	541
838	9
839	41
840	542
841	543
842	544
843	545
844	2
845	2
846	546
847	547
848	2
849	23
850	2
851	548
852	23
853	23
854	549
855	550
856	551
857	84
858	16
859	552
860	553
861	9
862	554
863	23
864	555
865	556
866	9
867	557
868	558
869	9
870	559
871	560
872	561
873	562
874	563
875	564
876	565
877	566
878	567
879	568
880	569
881	84
882	570
883	571
884	9
885	572
886	573
887	574
888	575
889	576
890	2
891	577
892	101
893	17
894	578
895	16
896	579
897	17
898	580
899	581
900	582
901	2
902	9
903	2
904	583
905	584
906	585
907	586
908	587
909	588
910	589
911	590
912	9
913	2
914	16
915	591
916	592
917	593
918	2
919	9
920	594
921	595
922	596
923	597
924	9
925	598
926	599
927	600
928	601
929	602
930	603
931	604
932	16
933	2
934	9
935	16
936	605
937	606
938	2
939	2
940	607
941	17
942	608
943	609
944	9
945	610
946	611
947	612
948	16
949	613
950	614
951	2
952	23
953	2
954	615
955	616
956	617
957	618
958	619
959	620
960	621
961	622
962	9
963	2
964	623
965	624
966	9
967	9
968	2
969	625
970	626
971	627
972	628
973	2
974	629
975	630
976	23
977	631
978	2
979	632
980	633
981	634
982	635
983	9
984	636
985	637
986	638
987	639
988	9
989	640
990	641
991	642
992	23
993	9
994	17
995	643
996	644
997	645
998	646
999	647
1000	17
1001	648
1002	2
1003	17
1004	2
1005	649
1006	2
1007	650
1008	41
1009	651
1010	652
1011	653
1012	654
1013	655
1014	656
1015	657
1016	658
1017	9
1018	9
1019	659
1020	660
1021	661
1022	662
1023	9
1024	663
1025	23
1026	2
1027	23
1028	9
1029	664
1030	41
1031	101
1032	9
1033	665
1034	666
1035	667
1036	668
1037	669
1038	670
1039	671
1040	672
1041	673
1042	674
1043	84
1044	675
1045	9
1046	676
1047	677
1048	678
1049	679
1050	2
1051	2
1052	680
1053	681
1054	682
1055	9
1056	9
1057	683
1058	9
1059	684
1060	685
1061	686
1062	2
1063	687
1064	688
1065	689
1066	23
1067	690
1068	2
1069	691
1070	692
1071	2
1072	693
1073	694
1074	9
1075	695
1076	9
1077	696
1078	697
1079	698
1080	23
1081	9
1082	16
1083	699
1084	700
1085	701
1086	23
1087	702
1088	703
1089	704
1090	705
1091	706
1092	707
1093	708
1094	709
1095	710
1096	711
1097	9
1098	9
1099	9
1100	712
1101	713
1102	23
1103	714
1104	17
1105	715
1106	716
1107	717
1108	718
1109	9
1110	719
1111	720
1112	101
1113	721
1114	722
1115	9
1116	9
1117	2
1118	723
1119	724
1120	725
1121	726
1122	727
1123	728
1124	729
1125	730
1126	731
1127	732
1128	733
1129	2
1130	734
1131	735
1132	736
1133	737
1134	738
1135	739
1136	740
1137	741
1138	742
1139	9
1140	2
1141	743
1142	2
1143	744
1144	9
1145	16
1146	745
1147	746
1148	9
1149	747
1150	2
1151	748
1152	101
1153	749
1154	750
1155	2
1156	751
1157	9
1158	752
1159	753
1160	754
1161	16
1162	9
1163	17
1164	9
1165	755
1166	23
1167	41
1168	756
1169	84
1170	9
1171	101
1172	757
1173	758
1174	759
1175	2
1176	760
1177	9
1178	2
1179	761
1180	762
1181	2
1182	2
1183	2
1184	763
1185	764
1186	765
1187	766
1188	9
1189	767
1190	768
1191	769
1192	2
1193	770
1194	771
1195	772
1196	773
1197	774
1198	775
1199	776
1200	777
1201	778
1202	779
1203	9
1204	780
1205	781
1206	17
1207	9
1208	782
1209	783
1210	784
1211	785
1212	786
1213	2
1214	2
1215	787
1216	788
1217	789
1218	790
1219	791
1220	9
1221	792
1222	23
1223	793
1224	794
1225	795
1226	796
1227	41
1228	9
1229	797
1230	798
1231	799
1232	2
1233	23
1234	800
1235	2
1236	801
1237	802
1238	803
1239	9
1240	9
1241	804
1242	2
1243	84
1244	805
1245	23
1246	41
1247	2
1248	806
1249	41
1250	807
1251	41
1252	808
1253	809
1254	810
1255	811
1256	812
1257	813
1258	2
1259	814
1260	17
1261	815
1262	816
1263	817
1264	818
1265	819
1266	820
1267	2
1268	821
1269	822
1270	823
1271	824
1272	825
1273	826
1274	827
1275	828
1276	829
1277	101
1278	23
1279	830
1280	17
1281	831
1282	832
1283	9
1284	23
1285	833
1286	834
1287	2
1288	835
1289	836
1290	837
1291	838
1292	839
1293	840
1294	841
1295	2
1296	842
1297	843
1298	844
1299	845
1300	9
1301	846
1302	847
1303	848
1304	849
1305	850
1306	851
1307	17
1308	2
1309	852
1310	853
1311	854
1312	855
1313	856
1314	9
1315	857
1316	858
1317	859
1318	860
1319	9
1320	861
1321	862
1322	863
1323	864
1324	9
1325	41
1326	865
1327	866
1328	867
1329	868
1330	869
1331	870
1332	871
1333	17
1334	872
1335	873
1336	874
1337	17
1338	875
1339	2
1340	84
1341	876
1342	877
1343	878
1344	9
1345	879
1346	880
1347	881
1348	23
1349	882
1350	883
1351	41
1352	884
1353	41
1354	885
1355	23
1356	886
1357	887
1358	888
1359	2
1360	889
1361	890
1362	891
1363	9
1364	2
1365	892
1366	41
1367	41
1368	2
1369	893
1370	894
1371	895
1372	896
1373	897
1374	898
1375	899
1376	900
1377	901
1378	902
1379	23
1380	41
1381	9
1382	903
1383	2
1384	904
1385	905
1386	9
1387	906
1388	907
1389	908
1390	909
1391	910
1392	911
1393	912
1394	913
1395	914
1396	915
1397	2
1398	916
1399	917
1400	918
1401	2
1402	919
1403	9
1404	920
1405	9
1406	23
1407	2
1408	17
1409	921
1410	9
1411	922
1412	923
1413	2
1414	924
1415	41
1416	925
1417	926
1418	927
1419	17
1420	23
1421	41
1422	9
1423	17
1424	928
1425	929
1426	2
1427	930
1428	23
1429	931
1430	2
1431	2
1432	2
1433	9
1434	932
1435	23
1436	933
1437	934
1438	935
1439	936
1440	937
1441	938
1442	2
1443	939
1444	940
1445	84
1446	941
1447	942
1448	2
1449	943
1450	944
1451	41
1452	945
1453	946
1454	947
1455	948
1456	9
1457	949
1458	950
1459	951
1460	9
1461	952
1462	23
1463	953
1464	954
1465	955
1466	956
1467	2
1468	957
1469	958
1470	9
1471	2
1472	959
1473	960
1474	961
1475	962
1476	963
1477	23
1478	84
1479	964
1480	965
1481	966
1482	2
1483	2
1484	17
1485	2
1486	9
1487	17
1488	967
1489	968
1490	2
1491	969
1492	101
1493	970
1494	23
1495	9
1496	971
1497	9
1498	9
1499	66
1500	2
1501	2
1502	972
1503	973
1504	2
1505	23
1506	17
1507	974
1508	975
1509	976
1510	16
1511	977
1512	978
1513	9
1514	23
1515	23
1516	979
1517	980
1518	23
1519	981
1520	982
1521	983
1522	984
1523	985
1524	986
1525	987
1526	988
1527	989
1528	990
1529	84
1530	991
1531	992
1532	993
1533	994
1534	995
1535	996
1536	997
1537	9
1538	998
1539	23
1540	999
1541	9
1542	1000
1543	1001
1544	2
1545	1002
1546	1003
1547	2
1548	1004
1549	1005
1550	1006
1551	1007
1552	1008
1553	1009
1554	2
1555	2
1556	23
1557	1010
1558	1011
1559	1012
1560	9
1561	1013
1562	2
1563	23
1564	1014
1565	1015
1566	1016
1567	1017
1568	23
1569	1018
1570	1019
1571	17
1572	9
1573	1020
1574	2
1575	1021
1576	1022
1577	1023
1578	1024
1579	1025
1580	1026
1581	1027
1582	1028
1583	1029
1584	1030
1585	9
1586	1031
1587	23
1588	1032
1589	9
1590	9
1591	1033
1592	1034
1593	2
1594	1035
1595	17
1596	1036
1597	17
1598	1037
1599	1038
1600	1039
1601	1040
1602	1041
1603	2
1604	1042
1605	1043
1606	1044
1607	1045
1608	17
1609	1046
1610	17
1611	1047
1612	2
1613	1048
1614	1049
1615	1050
1616	23
1617	1051
1618	101
1619	1052
1620	1053
1621	1054
1622	1055
1623	1056
1624	1057
1625	1058
1626	1059
1627	1060
1628	1061
1629	1062
1630	1063
1631	1064
1632	41
1633	2
1634	1065
1635	23
1636	1066
1637	1067
1638	1068
1639	1069
1640	41
1641	1070
1642	1071
1643	9
1644	1072
1645	1073
1646	1074
1647	9
1648	604
1649	9
1650	1075
1651	1076
1652	9
1653	1077
1654	1078
1655	1079
1656	1080
1657	1081
1658	9
1659	1082
1660	23
1661	41
1662	1083
1663	1084
1664	2
1665	9
1666	1085
1667	2
1668	9
1669	1086
1670	17
1671	1087
1672	9
1673	1088
1674	1089
1675	1090
1676	1091
1677	1092
1678	1093
1679	1094
1680	2
1681	2
1682	23
1683	9
1684	9
1685	1095
1686	1096
1687	1097
1688	1098
1689	1099
1690	9
1691	1100
1692	2
1693	1101
1694	9
1695	9
1696	9
1697	1102
1698	1103
1699	1104
1700	9
1701	2
1702	2
1703	9
1704	2
1705	1105
1706	1106
1707	1107
1708	17
1709	2
1710	1108
1711	9
1712	1109
1713	1110
1714	16
1715	101
1716	23
1717	9
1718	1111
1719	1112
1720	23
1721	1113
1722	1114
1723	41
1724	1115
1725	1116
1726	2
1727	23
1728	1117
1729	84
1730	1118
1731	1119
1732	9
1733	1120
1734	9
1735	9
1736	1121
1737	2
1738	41
1739	1122
1740	1123
1741	1124
1742	2
1743	101
1744	1125
1745	1126
1746	1127
1747	1128
1748	84
1749	9
1750	1129
1751	1130
1752	1131
1753	1132
1754	1133
1755	1134
1756	1135
1757	2
1758	1136
1759	1137
1760	1138
1761	1139
1762	1140
1763	1141
1764	1142
1765	2
1766	1143
1767	1144
1768	1145
1769	9
1770	1146
1771	1147
1772	1148
1773	1149
1774	1150
1775	1151
1776	1152
1777	23
1778	1153
1779	2
1780	1154
1781	1155
1782	16
1783	1156
1784	9
1785	1157
1786	1158
1787	1159
1788	2
1789	9
1790	2
1791	23
1792	16
1793	1160
1794	41
1795	9
1796	1161
1797	1162
1798	1163
1799	1164
1800	2
1801	1165
1802	1166
1803	1167
1804	1168
1805	1169
1806	23
1807	1170
1808	1171
1809	1172
1810	2
1811	1173
1812	17
1813	1174
1814	1175
1815	1176
1816	1177
1817	1178
1818	1179
1819	1180
1820	1181
1821	1182
1822	1183
1823	17
1824	1184
1825	84
1826	1185
1827	9
1828	1186
1829	1187
1830	41
1831	1188
1832	1189
1833	1190
1834	1191
1835	1192
1836	2
1837	1193
1838	1194
1839	1195
1840	84
1841	2
1842	1196
1843	1197
1844	1198
1845	1199
1846	1200
1847	1201
1848	23
1849	9
1850	1202
1851	9
1852	1203
1853	1204
1854	1205
1855	1206
1856	1207
1857	1208
1858	1209
1859	1210
1860	1211
1861	1212
1862	23
1863	1213
1864	2
1865	2
1866	9
1867	1214
1868	101
1869	1215
1870	1216
1871	1217
1872	1218
1873	1219
1874	9
1875	1220
1876	1221
1877	1222
1878	9
1879	1223
1880	1224
1881	1225
1882	9
1883	2
1884	9
1885	1226
1886	1227
1887	1228
1888	1229
1889	1230
1890	1231
1891	9
1892	1232
1893	1233
1894	2
1895	1234
1896	41
1897	9
1898	9
1899	1235
1900	9
1901	1236
1902	1237
1903	2
1904	1238
1905	1239
1906	1240
1907	2
1908	1241
1909	1242
1910	41
1911	1243
1912	1244
1913	2
1914	2
1915	66
1916	9
1917	23
1918	1245
1919	1246
1920	1247
1921	1248
1922	101
1923	23
1924	1249
1925	1250
1926	16
1927	1251
1928	23
1929	1252
1930	9
1931	2
1932	1253
1933	1254
1934	1255
1935	1256
1936	1257
1937	41
1938	9
1939	1258
1940	1259
1941	1260
1942	1261
1943	1262
1944	84
1945	1263
1946	9
1947	1264
1948	41
1949	1265
1950	2
1951	41
1952	1266
1953	1267
1954	1268
1955	1269
1956	1270
1957	1271
1958	66
1959	1272
1960	1273
1961	1274
1962	1275
1963	1276
1964	1277
1965	17
1966	1278
1967	1279
1968	1280
1969	1281
1970	1282
1971	1283
1972	1284
1973	9
1974	1285
1975	23
1976	17
1977	1286
1978	1287
1979	23
1980	23
1981	1288
1982	1289
1983	1290
1984	1291
1985	2
1986	1292
1987	1293
1988	1294
1989	1295
1990	1296
1991	1297
1992	9
1993	101
1994	23
1995	1298
1996	1252
1997	1299
1998	1300
1999	1301
2000	1302
2001	1303
2002	101
2003	1304
2004	1305
2005	41
2006	1252
2007	9
2008	1306
2009	1307
2010	1308
2011	2
2012	23
2013	1309
2014	1310
2015	1311
2016	41
2017	1312
2018	1313
2019	23
2020	1314
2021	1315
2022	9
2023	23
2024	1316
2025	1317
2026	1318
2027	1319
2028	1320
2029	1321
2030	1322
2031	17
2032	1323
2033	1324
2034	2
2035	1325
2036	23
2037	1326
2038	1327
2039	23
2040	1328
2041	1329
2042	1330
2043	1331
2044	9
2045	1332
2046	1333
2047	9
2048	1334
2049	9
2050	1335
2051	1336
2052	1337
2053	2
2054	1338
2055	1339
2056	1340
2057	1341
2058	1342
2059	1343
2060	1344
2061	1345
2062	1346
2063	1347
2064	1348
2065	17
2066	1349
2067	1350
2068	2
2069	2
2070	1351
2071	9
2072	1352
2073	1353
2074	2
2075	1354
2076	23
2077	1355
2078	1356
2079	1357
2080	1358
2081	1359
2082	1360
2083	9
2084	1361
2085	9
2086	2
2087	1362
2088	1363
2089	1364
2090	41
2091	1365
2092	23
2093	1366
2094	1367
2095	1368
2096	2
2097	1369
2098	1370
2099	1371
2100	1372
2101	1373
2102	1374
2103	1375
2104	23
2105	9
2106	1376
2107	1377
2108	1378
2109	1379
2110	1380
2111	1381
2112	9
2113	1382
2114	1383
2115	1384
2116	1385
2117	1386
2118	41
2119	1387
2120	41
2121	1388
2122	1389
2123	1390
2124	1391
2125	1392
2126	1393
2127	1394
2128	1395
2129	1396
2130	1397
2131	1398
2132	2
2133	1399
2134	1400
2135	9
2136	1401
2137	1402
2138	1403
2139	1404
2140	9
2141	1405
2142	17
2143	1406
2144	1407
2145	1408
2146	17
2147	1409
2148	9
2149	9
2150	1410
2151	23
2152	23
2153	1411
2154	1412
2155	1413
2156	1414
2157	1415
2158	1416
2159	101
2160	1417
2161	9
2162	1418
2163	1419
2164	2
2165	9
2166	2
2167	1420
2168	1421
2169	1422
2170	17
2171	1423
2172	1424
2173	1425
2174	1426
2175	9
2176	1427
2177	1428
2178	1429
2179	1430
2180	23
2181	9
2182	1431
2183	41
2184	1432
2185	1433
2186	1434
2187	9
2188	1435
2189	41
2190	9
2191	1436
2192	1437
2193	1438
2194	1439
2195	101
2196	9
2197	1440
2198	1441
2199	1442
2200	2
2201	2
2202	1443
2203	1444
2204	1445
2205	1446
2206	1447
2207	1448
2208	1449
2209	1450
2210	1451
2211	2
2212	101
2213	1452
2214	9
2215	1453
2216	1454
2217	836
2218	17
2219	9
2220	9
2221	1455
2222	17
2223	1456
2224	9
2225	1457
2226	1252
2227	1458
2228	23
2229	1459
2230	41
2231	1460
2232	9
2233	1461
2234	2
2235	1462
2236	1463
2237	9
2238	1464
2239	2
2240	2
2241	2
2242	66
2243	9
2244	1465
2245	1466
2246	1467
2247	1468
2248	1469
2249	1470
2250	2
2251	1471
2252	1472
2253	1473
2254	1474
2255	2
2256	1475
2257	1476
2258	9
2259	1477
2260	9
2261	1478
2262	1479
2263	1480
2264	17
2265	2
2266	1481
2267	1482
2268	1483
2269	41
2270	2
2271	1484
2272	17
2273	101
2274	17
2275	2
2276	1485
2277	41
2278	1486
2279	1487
2280	2
2281	9
2282	1488
2283	1489
2284	1490
2285	1491
2286	101
2287	1492
2288	9
2289	1493
2290	1494
2291	2
2292	9
2293	1495
2294	1496
2295	9
2296	1497
2297	1498
2298	1499
2299	1500
2300	1501
2301	1502
2302	1503
2303	16
2304	17
2305	1504
2306	1505
2307	1506
2308	1507
2309	16
2310	2
2311	1508
2312	1509
2313	1510
2314	9
2315	9
2316	9
2317	1511
2318	1512
2319	1513
2320	16
2321	1514
2322	23
2323	23
2324	2
2325	9
2326	2
2327	1515
2328	23
2329	1516
2330	1517
2331	1518
2332	1519
2333	1520
2334	1521
2335	1522
2336	1523
2337	17
2338	1524
2339	1525
2340	16
2341	1526
2342	1527
2343	1528
2344	1529
2345	1530
2346	1531
2347	1532
2348	1533
2349	23
2350	1534
2351	1535
2352	1536
2353	1537
2354	23
2355	1538
2356	9
2357	17
2358	2
2359	1539
2360	9
2361	9
2362	1540
2363	1541
2364	1542
2365	1543
2366	1544
2367	101
2368	1545
2369	1546
2370	23
2371	9
2372	9
2373	9
2374	1547
2375	1548
2376	9
2377	1549
2378	1550
2379	1551
2380	1552
2381	23
2382	1553
2383	1554
2384	1555
2385	41
2386	1556
2387	1557
2388	2
2389	1558
2390	1559
2391	9
2392	1560
2393	17
2394	1561
2395	1562
2396	1563
2397	101
2398	1564
2399	101
2400	1565
2401	1566
2402	2
2403	1567
2404	1568
2405	9
2406	1569
2407	9
2408	1570
2409	1571
2410	1572
2411	1573
2412	1574
2413	2
2414	2
2415	1575
2416	2
2417	1576
2418	1577
2419	101
2420	1578
2421	1579
2422	17
2423	16
2424	1580
2425	1581
2426	23
2427	1582
2428	17
2429	1583
2430	1584
2431	1585
2432	1586
2433	1587
2434	2
2435	1588
2436	1589
2437	1590
2438	1591
2439	1592
2440	1593
2441	9
2442	1594
2443	1595
2444	1596
2445	1597
2446	1598
2447	23
2448	1599
2449	1600
2450	2
2451	1601
2452	1602
2453	1603
2454	2
2455	1604
2456	1605
2457	1606
2458	1252
2459	1607
2460	1608
2461	1609
2462	1610
2463	1611
2464	17
2465	1612
2466	16
2467	101
2468	1613
2469	2
2470	1614
2471	9
2472	2
2473	9
2474	41
2475	1615
2476	1616
2477	1617
2478	9
2479	17
2480	23
2481	17
2482	1618
2483	9
2484	84
2485	9
2486	1619
2487	1620
2488	2
2489	101
2490	1621
2491	9
2492	1622
2493	17
2494	23
2495	1623
2496	1624
2497	1625
2498	1626
2499	1627
2500	1628
2501	2
2502	1629
2503	1630
2504	23
2505	1631
2506	1632
2507	1633
2508	1634
2509	1635
2510	1636
2511	17
2512	101
2513	23
2514	1637
2515	2
2516	1638
2517	1639
2518	1640
2519	1641
2520	1642
2521	1643
2522	9
2523	9
2524	1644
2525	101
2526	1645
2527	1646
2528	17
2529	2
2530	2
2531	1647
2532	1648
2533	1649
2534	1650
2535	1651
2536	17
2537	2
2538	1652
2539	1653
2540	1654
2541	1655
2542	101
2543	1656
2544	1657
2545	1658
2546	1659
2547	41
2548	1660
2549	2
2550	1661
2551	2
2552	1662
2553	1663
2554	1664
2555	1665
2556	17
2557	1666
2558	2
2559	2
2560	1667
2561	1668
2562	1669
2563	1670
2564	17
2565	9
2566	9
2567	2
2568	1671
2569	1672
2570	1673
2571	2
2572	16
2573	1674
2574	1675
2575	1676
2576	1677
2577	1678
2578	1679
2579	1680
2580	23
2581	1681
2582	1682
2583	23
2584	1683
2585	1684
2586	1252
2587	1685
2588	1686
2589	2
2590	1687
2591	1688
2592	1689
2593	1690
2594	23
2595	1691
2596	2
2597	9
2598	9
2599	1692
2600	1693
2601	9
2602	1694
2603	1695
2604	1696
2605	1697
2606	9
2607	9
2608	17
2609	16
2610	1698
2611	9
2612	1699
2613	1700
2614	2
2615	9
2616	1701
2617	17
2618	9
2619	1702
2620	1703
2621	1704
2622	1705
2623	1706
2624	1707
2625	23
2626	1708
2627	1709
2628	1710
2629	1711
2630	2
2631	1712
2632	9
2633	1713
2634	2
2635	1714
2636	2
2637	1715
2638	1716
2639	1717
2640	1718
2641	1719
2642	9
2643	23
2644	1720
2645	1721
2646	101
2647	2
2648	1722
2649	1723
2650	1724
2651	2
2652	1725
2653	1726
2654	1727
2655	1728
2656	9
2657	41
2658	1729
2659	1730
2660	1731
2661	836
2662	9
2663	2
2664	1732
2665	23
2666	1733
2667	1734
2668	1735
2669	1736
2670	1737
2671	1738
2672	1739
2673	1740
2674	1741
2675	1742
2676	2
2677	1743
2678	9
2679	1744
2680	2
2681	1745
2682	1746
2683	1747
2684	1748
2685	1749
2686	1750
2687	17
2688	1751
2689	2
2690	1752
2691	1753
2692	2
2693	1754
2694	1755
2695	9
2696	1756
2697	23
2698	1757
2699	1758
2700	1759
2701	1760
2702	1761
2703	1762
2704	1763
2705	1252
2706	1764
2707	1765
2708	1766
2709	1767
2710	1768
2711	1769
2712	1770
2713	1771
2714	9
2715	1772
2716	1773
2717	1774
2718	23
2719	1775
2720	1776
2721	23
2722	2
2723	1777
2724	9
2725	1778
2726	1779
2727	1780
2728	1781
2729	41
2730	1782
2731	1783
2732	9
2733	9
2734	1784
2735	1785
2736	2
2737	1786
2738	2
2739	1787
2740	1788
2741	2
2742	1789
2743	1790
2744	1791
2745	101
2746	9
2747	1792
2748	2
2749	2
2750	1793
2751	1794
2752	9
2753	1795
2754	17
2755	1796
2756	1797
2757	1798
2758	1799
2759	1800
2760	1801
2761	9
2762	41
2763	101
2764	2
2765	1802
2766	1803
2767	1804
2768	1805
2769	1806
2770	1807
2771	1808
2772	1809
2773	1810
2774	1811
2775	1812
2776	1813
2777	1814
2778	1815
2779	9
2780	1816
2781	1817
2782	1818
2783	1819
2784	1820
2785	9
2786	2
2787	101
2788	9
2789	1821
2790	1822
2791	1823
2792	1824
2793	9
2794	16
2795	1825
2796	2
2797	1826
2798	9
2799	2
2800	101
2801	1827
2802	1828
2803	1829
2804	9
2805	1830
2806	1831
2807	1832
2808	2
2809	1833
2810	9
2811	1834
2812	1835
2813	1836
2814	9
2815	1837
2816	1838
2817	1839
2818	41
2819	1840
2820	1841
2821	2
2822	9
2823	9
2824	1842
2825	2
2826	1843
2827	1844
2828	9
2829	1845
2830	1846
2831	1847
2832	1848
2833	1849
2834	1850
2835	1851
2836	1852
2837	41
2838	9
2839	1853
2840	1854
2841	1855
2842	1856
2843	17
2844	9
2845	1857
2846	1858
2847	1859
2848	1860
2849	1861
2850	23
2851	9
2852	1862
2853	1863
2854	1864
2855	1865
2856	1866
2857	1867
2858	1868
2859	2
2860	17
2861	1869
2862	1870
2863	1871
2864	1872
2865	1873
2866	16
2867	2
2868	1874
2869	1875
2870	9
2871	1876
2872	1877
2873	1878
2874	2
2875	1879
2876	41
2877	1880
2878	1881
2879	1882
2880	1883
2881	2
2882	1884
2883	1885
2884	1886
2885	1887
2886	1888
2887	1889
2888	2
2889	1890
2890	23
2891	9
2892	1891
2893	1892
2894	9
2895	17
2896	1893
2897	9
2898	1894
2899	1895
2900	1896
2901	1897
2902	1898
2903	1899
2904	1900
2905	1901
2906	1902
2907	1903
2908	1904
2909	17
2910	41
2911	9
2912	1905
2913	2
2914	1906
2915	1907
2916	1908
2917	2
2918	9
2919	9
2920	1909
2921	1910
2922	1911
2923	1912
2924	2
2925	1913
2926	41
2927	1914
2928	84
2929	1915
2930	2
2931	1916
2932	1917
2933	9
2934	1918
2935	1919
2936	1920
2937	23
2938	1921
2939	1922
2940	2
2941	1923
2942	1924
2943	1925
2944	1926
2945	2
2946	1927
2947	1928
2948	1929
2949	1930
2950	1931
2951	1932
2952	1933
2953	1934
2954	2
2955	23
2956	1935
2957	41
2958	1936
2959	1937
2960	23
2961	1938
2962	1939
2963	2
2964	41
2965	1940
2966	2
2967	2
2968	1941
2969	1942
2970	17
2971	1943
2972	2
2973	9
2974	1944
2975	1945
2976	1946
2977	1947
2978	1948
2979	2
2980	1949
2981	1950
2982	1951
2983	1952
2984	1953
2985	1954
2986	1955
2987	1956
2988	1957
2989	1958
2990	1959
2991	2
2992	2
2993	1960
2994	1961
2995	1962
2996	9
2997	17
2998	23
2999	1963
3000	17
3001	1964
3002	9
3003	16
3004	1965
3005	1966
3006	9
3007	101
3008	9
3009	2
3010	1967
3011	1968
3012	1969
3013	1970
3014	23
3015	1971
3016	17
3017	1972
3018	9
3019	1973
3020	9
3021	1974
3022	1975
3023	1976
3024	1977
3025	101
3026	17
3027	101
3028	1978
3029	1979
3030	1980
3031	1981
3032	1982
3033	17
3034	1983
3035	1984
3036	1985
3037	1986
3038	1987
3039	1988
3040	2
3041	1989
3042	1990
3043	2
3044	1991
3045	9
3046	1992
3047	1993
3048	41
3049	1994
3050	1995
3051	1996
3052	1997
3053	1998
3054	1999
3055	2000
3056	23
3057	2001
3058	2002
3059	2003
3060	2004
3061	2005
3062	2006
3063	2007
3064	2008
3065	2009
3066	2010
3067	101
3068	23
3069	101
3070	17
3071	2011
3072	2012
3073	9
3074	41
3075	101
3076	2013
3077	2014
3078	2015
3079	2016
3080	2017
3081	2018
3082	16
3083	17
3084	2019
3085	16
3086	23
3087	2020
3088	9
3089	16
3090	2021
3091	9
3092	2022
3093	2023
3094	2024
3095	2025
3096	2026
3097	2027
3098	2028
3099	2029
3100	2030
3101	2031
3102	2032
3103	17
3104	2033
3105	2034
3106	2035
3107	2036
3108	2037
3109	2038
3110	2039
3111	9
3112	2
3113	17
3114	9
3115	2040
3116	23
3117	2041
3118	2042
3119	2043
3120	2044
3121	2045
3122	17
3123	9
3124	17
3125	2046
3126	1252
3127	2047
3128	2048
3129	2049
3130	2050
3131	9
3132	17
3133	2051
3134	2052
3135	9
3136	2
3137	2053
3138	101
3139	2054
3140	2055
3141	2056
3142	2057
3143	2
3144	2058
3145	2059
3146	2060
3147	23
3148	2061
3149	2062
3150	23
3151	2063
3152	2
3153	2064
3154	2
3155	84
3156	41
3157	16
3158	2
3159	2
3160	2065
3161	2
3162	2066
3163	2067
3164	2068
3165	2069
3166	17
3167	2070
3168	23
3169	9
3170	2071
3171	2072
3172	9
3173	2073
3174	9
3175	2074
3176	2075
3177	2076
3178	9
3179	41
3180	2077
3181	2078
3182	2079
3183	2080
3184	23
3185	17
3186	2081
3187	2082
3188	101
3189	17
3190	9
3191	2083
3192	2084
3193	2085
3194	2086
3195	2087
3196	2
3197	2088
3198	2089
3199	2090
3200	23
3201	2091
3202	2092
3203	2093
3204	9
3205	2094
3206	2095
3207	2096
3208	9
3209	2097
3210	2
3211	9
3212	2098
3213	2
3214	2099
3215	2
3216	2100
3217	16
3218	2
3219	2
3220	2101
3221	9
3222	23
3223	2102
3224	2103
3225	2104
3226	41
3227	2105
3228	9
3229	41
3230	9
3231	2106
3232	2107
3233	2
3234	2108
3235	2109
3236	2110
3237	2111
3238	2112
3239	2
3240	2113
3241	2114
3242	2115
3243	2116
3244	17
3245	2117
3246	23
3247	2
3248	2118
3249	2119
3250	17
3251	2120
3252	2
3253	2121
3254	2122
3255	2123
3256	2124
3257	2125
3258	17
3259	2126
3260	604
3261	9
3262	2127
3263	2128
3264	23
3265	836
3266	2129
3267	9
3268	16
3269	2130
3270	2131
3271	2132
3272	2133
3273	2134
3274	2135
3275	2136
3276	2137
3277	9
3278	2138
3279	2139
3280	41
3281	2140
3282	2141
3283	2
3284	2142
3285	2143
3286	2
3287	2144
3288	2145
3289	2146
3290	2147
3291	16
3292	2148
3293	9
3294	2149
3295	101
3296	2150
3297	23
3298	2151
3299	41
3300	2152
3301	9
3302	2153
3303	2154
3304	2155
3305	2156
3306	23
3307	2157
3308	9
3309	9
3310	2158
3311	2159
3312	2160
3313	2161
3314	2162
3315	23
3316	2163
3317	9
3318	2164
3319	2165
3320	23
3321	2166
3322	2167
3323	2168
3324	2169
3325	2170
3326	2171
3327	2172
3328	2173
3329	41
3330	2174
3331	2175
3332	2176
3333	2177
3334	2
3335	41
3336	9
3337	2178
3338	9
3339	2179
3340	2180
3341	2181
3342	2182
3343	2183
3344	41
3345	2184
3346	2185
3347	2186
3348	84
3349	2187
3350	16
3351	2188
3352	2189
3353	2190
3354	2191
3355	2192
3356	2
3357	2193
3358	2194
3359	9
3360	2195
3361	2196
3362	2197
3363	2198
3364	2199
3365	2200
3366	2201
3367	2202
3368	2203
3369	2204
3370	23
3371	2205
3372	2206
3373	2207
3374	2208
3375	2
3376	9
3377	2209
3378	2
3379	2
3380	2210
3381	23
3382	2
3383	2
3384	23
3385	2211
3386	2212
3387	2213
3388	2214
3389	2215
3390	2216
3391	2217
3392	2218
3393	1252
3394	2219
3395	23
3396	2220
3397	2221
3398	2222
3399	2223
3400	9
3401	2224
3402	2225
3403	2226
3404	16
3405	2227
3406	2228
3407	2229
3408	2230
3409	2231
3410	2232
3411	2233
3412	2234
3413	2235
3414	2236
3415	2237
3416	2238
3417	23
3418	2239
3419	2240
3420	2241
3421	2242
3422	2243
3423	2244
3424	9
3425	9
3426	2245
3427	23
3428	2246
3429	2247
3430	2248
3431	2249
3432	41
3433	2250
3434	9
3435	2251
3436	2252
3437	2253
3438	2254
3439	2255
3440	9
3441	2256
3442	2257
3443	2258
3444	2259
3445	836
3446	41
3447	2260
3448	2261
3449	2262
3450	2263
3451	9
3452	2
3453	2264
3454	2265
3455	2266
3456	2267
3457	2268
3458	2269
3459	2270
3460	2271
3461	2272
3462	2273
3463	41
3464	2274
3465	17
3466	9
3467	23
3468	2275
3469	2276
3470	9
3471	2277
3472	2278
3473	9
3474	2279
3475	2280
3476	2281
3477	2282
3478	2283
3479	9
3480	2284
3481	2285
3482	101
3483	2286
3484	2287
3485	2288
3486	2
3487	2289
3488	2290
3489	2291
3490	2
3491	9
3492	2292
3493	2293
3494	2294
3495	2295
3496	2296
3497	2297
3498	17
3499	2298
3500	9
3501	2299
3502	101
3503	2300
3504	2301
3505	2302
3506	2
3507	2303
3508	2304
3509	9
3510	2305
3511	2306
3512	2
3513	2
3514	2307
3515	2308
3516	2309
3517	2310
3518	2311
3519	9
3520	2312
3521	2313
3522	9
3523	101
3524	2314
3525	9
3526	2315
3527	23
3528	2316
3529	2
3530	2317
3531	23
3532	2318
3533	16
3534	2319
3535	9
3536	9
3537	2320
3538	2321
3539	9
3540	2322
3541	23
3542	2323
3543	2324
3544	2325
3545	2326
3546	2327
3547	9
3548	23
3549	23
3550	17
3551	2328
3552	9
3553	2329
3554	2330
3555	2331
3556	2332
3557	2333
3558	2334
3559	2335
3560	23
3561	2336
3562	2337
3563	2338
3564	2339
3565	2340
3566	2341
3567	2342
3568	2343
3569	2344
3570	9
3571	23
3572	9
3573	2
3574	2345
3575	9
3576	2346
3577	2347
3578	2348
3579	2349
3580	2350
3581	2351
3582	2352
3583	23
3584	2353
3585	17
3586	2354
3587	2355
3588	23
3589	2
3590	9
3591	2356
3592	2357
3593	2358
3594	9
3595	2
3596	9
3597	2
3598	2359
3599	2360
3600	2361
3601	9
3602	2362
3603	9
3604	2363
3605	2364
3606	2365
3607	2366
3608	2367
3609	41
3610	2368
3611	836
3612	23
3613	2369
3614	2370
3615	9
3616	2
3617	17
3618	2
3619	2371
3620	23
3621	2372
3622	9
3623	9
3624	2373
3625	2374
3626	2375
3627	2376
3628	2377
3629	2
3630	2378
3631	2
3632	2
3633	9
3634	2379
3635	2380
3636	2
3637	101
3638	23
3639	2381
3640	2382
3641	2
3642	2
3643	2
3644	2383
3645	2384
3646	2385
3647	9
3648	2
3649	2386
3650	2387
3651	2388
3652	41
3653	2
3654	17
3655	2389
3656	9
3657	2390
3658	2391
3659	2392
3660	2393
3661	2394
3662	9
3663	17
3664	17
3665	2395
3666	2396
3667	2397
3668	2398
3669	2399
3670	2
3671	2400
3672	9
3673	2401
3674	9
3675	9
3676	2402
3677	9
3678	23
3679	2403
3680	2404
3681	2
3682	2405
3683	2406
3684	2407
3685	2408
3686	2
3687	2409
3688	2410
3689	2411
3690	2412
3691	9
3692	17
3693	2413
3694	2414
3695	2415
3696	2416
3697	2
3698	2417
3699	2418
3700	2
3701	2419
3702	2420
3703	41
3704	9
3705	2421
3706	2422
3707	2423
3708	2424
3709	2
3710	2425
3711	101
3712	2426
3713	101
3714	2427
3715	2
3716	2428
3717	9
3718	101
3719	2429
3720	2430
3721	2431
3722	2432
3723	9
3724	2433
3725	2
3726	9
3727	2434
3728	2435
3729	2
3730	2436
3731	604
3732	2437
3733	2438
3734	2439
3735	9
3736	2440
3737	2441
3738	2442
3739	2443
3740	2444
3741	2445
3742	2446
3743	2447
3744	2448
3745	2449
3746	2450
3747	2
3748	2451
3749	2
3750	2
3751	9
3752	2
3753	23
3754	2452
3755	41
3756	2453
3757	2454
3758	2455
3759	9
3760	2456
3761	2457
3762	2458
3763	9
3764	2459
3765	2460
3766	2461
3767	2462
3768	9
3769	2463
3770	2464
3771	2465
3772	2466
3773	2467
3774	2468
3775	41
3776	2469
3777	17
3778	2470
3779	2471
3780	2472
3781	9
3782	2
3783	2473
3784	2474
3785	2
3786	2475
3787	41
3788	2476
3789	2477
3790	2
3791	9
3792	2478
3793	2479
3794	2480
3795	23
3796	2481
3797	17
3798	2482
3799	17
3800	9
3801	2483
3802	84
3803	2484
3804	9
3805	2485
3806	2486
3807	84
3808	2
3809	2487
3810	2488
3811	2489
3812	2490
3813	2
3814	2491
3815	41
3816	2
3817	23
3818	2492
3819	9
3820	23
3821	2493
3822	9
3823	2494
3824	23
3825	2495
3826	2496
3827	9
3828	2497
3829	2498
3830	2499
3831	2500
3832	2
3833	2501
3834	9
3835	2502
3836	23
3837	2503
3838	2504
3839	2505
3840	16
3841	2506
3842	23
3843	2507
3844	2508
3845	2509
3846	2510
3847	2
3848	17
3849	9
3850	2511
3851	2512
3852	2513
3853	2514
3854	2515
3855	2
3856	2516
3857	2
3858	2517
3859	2518
3860	2519
3861	2
3862	16
3863	2520
3864	9
3865	2521
3866	2522
3867	2523
3868	2524
3869	2525
3870	2526
3871	2527
3872	101
3873	2528
3874	101
3875	2529
3876	2530
3877	41
3878	23
3879	9
3880	9
3881	2531
3882	2532
3883	17
3884	2
3885	2533
3886	2534
3887	2535
3888	2536
3889	2537
3890	9
3891	2538
3892	2539
3893	2540
3894	9
3895	2541
3896	9
3897	2542
3898	2
3899	84
3900	2543
3901	101
3902	41
3903	2544
3904	2545
3905	2546
3906	2547
3907	2548
3908	2549
3909	9
3910	2
3911	2550
3912	2551
3913	2552
3914	2553
3915	2554
3916	2555
3917	23
3918	2556
3919	9
3920	2557
3921	23
3922	2558
3923	66
3924	9
3925	2559
3926	2560
3927	2561
3928	17
3929	17
3930	2562
3931	2
3932	9
3933	2563
3934	2
3935	2564
3936	2565
3937	9
3938	2566
3939	9
3940	2567
3941	9
3942	2568
3943	41
3944	2569
3945	2570
3946	2571
3947	2572
3948	2573
3949	23
3950	2574
3951	41
3952	2575
3953	2576
3954	2577
3955	2578
3956	17
3957	2579
3958	2
3959	9
3960	2
3961	9
3962	2580
3963	2581
3964	2582
3965	2583
3966	2584
3967	2585
3968	9
3969	2586
3970	17
3971	2587
3972	2588
3973	9
3974	101
3975	9
3976	2589
3977	2590
3978	2591
3979	2592
3980	2593
3981	2594
3982	23
3983	2595
3984	66
3985	2
3986	9
3987	101
3988	2
3989	2596
3990	41
3991	9
3992	16
3993	2597
3994	2598
3995	9
3996	2599
3997	2600
3998	2
3999	2601
4000	23
4001	9
4002	23
4003	2602
4004	2
4005	9
4006	2603
4007	101
4008	2
4009	2604
4010	2
4011	9
4012	2605
4013	2606
4014	2607
4015	2
4016	2608
4017	2609
4018	2610
4019	2611
4020	2612
4021	2613
4022	2614
4023	2615
4024	2616
4025	2617
4026	2618
4027	101
4028	2619
4029	2620
4030	9
4031	2621
4032	2622
4033	2623
4034	17
4035	9
4036	2624
4037	9
4038	2625
4039	2626
4040	9
4041	2627
4042	17
4043	2628
4044	2629
4045	17
4046	9
4047	9
4048	2630
4049	2631
4050	9
4051	2632
4052	2633
4053	2634
4054	2635
4055	2636
4056	2637
4057	41
4058	9
4059	2638
4060	9
4061	2639
4062	2640
4063	9
4064	2
4065	2641
4066	2642
4067	2643
4068	2644
4069	2645
4070	2646
4071	9
4072	2647
4073	2648
4074	2649
4075	9
4076	2650
4077	41
4078	2651
4079	23
4080	2652
4081	2653
4082	2654
4083	2655
4084	9
4085	2656
4086	41
4087	41
4088	2657
4089	2658
4090	9
4091	2659
4092	2
4093	23
4094	2660
4095	9
4096	2661
4097	2662
4098	2663
4099	17
4100	2664
4101	9
4102	41
4103	2665
4104	2666
4105	2667
4106	2668
4107	2669
4108	2670
4109	101
4110	2
4111	2671
4112	9
4113	84
4114	23
4115	2672
4116	2673
4117	2674
4118	101
4119	9
4120	2675
4121	2676
4122	2677
4123	2678
4124	2679
4125	2680
4126	2681
4127	41
4128	2682
4129	2683
4130	2684
4131	2685
4132	2686
4133	9
4134	2687
4135	2688
4136	2689
4137	9
4138	2690
4139	2691
4140	16
4141	2692
4142	2693
4143	2694
4144	2695
4145	2696
4146	2
4147	9
4148	2697
4149	2698
4150	84
4151	2699
4152	2
4153	2700
4154	2276
4155	2701
4156	9
4157	2702
4158	2703
4159	101
4160	2704
4161	2705
4162	2706
4163	2707
4164	2708
4165	2709
4166	23
4167	2710
4168	23
4169	2711
4170	2712
4171	2713
4172	2714
4173	41
4174	2715
4175	2716
4176	17
4177	23
4178	2717
4179	23
4180	16
4181	9
4182	2718
4183	2719
4184	2720
4185	2
4186	2721
4187	2722
4188	2723
4189	2724
4190	2725
4191	2726
4192	9
4193	2
4194	9
4195	2727
4196	9
4197	9
4198	2
4199	2
4200	2728
4201	2729
4202	2730
4203	2731
4204	9
4205	2732
4206	2733
4207	2734
4208	9
4209	2735
4210	2736
4211	2737
4212	9
4213	2738
4214	2739
4215	2740
4216	2741
4217	9
4218	23
4219	2742
4220	2743
4221	2
4222	2744
4223	2745
4224	2746
4225	2747
4226	101
4227	9
4228	84
4229	9
4230	9
4231	2748
4232	2749
4233	2750
4234	2751
4235	2752
4236	41
4237	2753
4238	2754
4239	2755
4240	2756
4241	2757
4242	2758
4243	41
4244	2759
4245	9
4246	2760
4247	2761
4248	2762
4249	2
4250	2763
4251	2764
4252	2765
4253	2766
4254	2767
4255	2768
4256	2769
4257	2770
4258	2
4259	2771
4260	2772
4261	2773
4262	2774
4263	2775
4264	2776
4265	2777
4266	2778
4267	2779
4268	2780
4269	2781
4270	23
4271	2782
4272	2
4273	2783
4274	41
4275	2784
4276	2785
4277	9
4278	2786
4279	2787
4280	2788
4281	9
4282	9
4283	1252
4284	2
4285	9
4286	2
4287	2789
4288	2
4289	2790
4290	2791
4291	2792
4292	84
4293	23
4294	2
4295	2793
4296	2
4297	2794
4298	2795
4299	2796
4300	2
4301	1252
4302	101
4303	2797
4304	2798
4305	2799
4306	2800
4307	2801
4308	17
4309	2802
4310	2803
4311	2
4312	41
4313	2804
4314	2805
4315	101
4316	2
4317	2806
4318	101
4319	2807
4320	2808
4321	2809
4322	2810
4323	17
4324	2
4325	2
4326	2811
4327	2812
4328	2813
4329	23
4330	9
4331	17
4332	2814
4333	2815
4334	9
4335	23
4336	2816
4337	2817
4338	2818
4339	2819
4340	2820
4341	2821
4342	9
4343	2822
4344	9
4345	2823
4346	2
4347	2824
4348	2825
4349	2826
4350	9
4351	23
4352	2827
4353	2828
4354	2829
4355	2
4356	9
4357	2830
4358	2831
4359	2832
4360	2833
4361	2834
4362	9
4363	2835
4364	2836
4365	17
4366	2837
4367	9
4368	41
4369	2838
4370	2839
4371	2840
4372	2841
4373	2
4374	2842
4375	2
4376	2843
4377	101
4378	2844
4379	2845
4380	101
4381	2
4382	2846
4383	2847
4384	2
4385	2848
4386	2849
4387	2
4388	2850
4389	2851
4390	2852
4391	2853
4392	2854
4393	2855
4394	2856
4395	2857
4396	16
4397	2858
4398	41
4399	2859
4400	2860
4401	2
4402	2861
4403	2862
4404	9
4405	9
4406	17
4407	2863
4408	17
4409	2864
4410	2865
4411	23
4412	2866
4413	2867
4414	2868
4415	2869
4416	2870
4417	84
4418	23
4419	2871
4420	9
4421	2872
4422	2873
4423	2
4424	2
4425	2874
4426	2875
4427	2876
4428	2877
4429	23
4430	2878
4431	2879
4432	2880
4433	2881
4434	2882
4435	2
4436	2883
4437	9
4438	2884
4439	2885
4440	2886
4441	2887
4442	2888
4443	2889
4444	2
4445	2890
4446	2891
4447	9
4448	2892
4449	2893
4450	2894
4451	9
4452	2895
4453	9
4454	2896
4455	2897
4456	2898
4457	2899
4458	2900
4459	2901
4460	17
4461	2902
4462	2903
4463	2904
4464	2905
4465	2906
4466	2907
4467	2908
4468	66
4469	2909
4470	2910
4471	23
4472	2911
4473	2912
4474	2913
4475	2914
4476	2915
4477	2916
4478	2917
4479	2918
4480	84
4481	2
4482	9
4483	9
4484	23
4485	2919
4486	2
4487	2920
4488	2921
4489	2922
4490	2923
4491	2
4492	2924
4493	84
4494	2925
4495	9
4496	2
4497	2
4498	2926
4499	9
4500	2927
4501	2
4502	2928
4503	2929
4504	2930
4505	2931
4506	17
4507	2932
4508	9
4509	2933
4510	2
4511	2
4512	2934
4513	2935
4514	2936
4515	17
4516	2937
4517	2938
4518	2
4519	2
4520	2939
4521	2940
4522	9
4523	9
4524	2
4525	2941
4526	23
4527	2
4528	9
4529	2942
4530	17
4531	2
4532	2943
4533	66
4534	2944
4535	2945
4536	2946
4537	2947
4538	2948
4539	2949
4540	17
4541	2950
4542	41
4543	9
4544	2951
4545	23
4546	2952
4547	2953
4548	2954
4549	2955
4550	9
4551	2956
4552	2
4553	2957
4554	2958
4555	16
4556	17
4557	2959
4558	2960
4559	9
4560	2961
4561	2962
4562	17
4563	41
4564	2963
4565	9
4566	2964
4567	2965
4568	2966
4569	23
4570	2967
4571	2968
4572	41
4573	2969
4574	2970
4575	2
4576	2971
4577	2972
4578	2973
4579	2974
4580	2975
4581	2976
4582	9
4583	17
4584	2
4585	2977
4586	2978
4587	9
4588	2
4589	2979
4590	2980
4591	2981
4592	2982
4593	9
4594	2983
4595	9
4596	2984
4597	2
4598	9
4599	2
4600	2985
4601	9
4602	2986
4603	2987
4604	66
4605	2988
4606	17
4607	2989
4608	2990
4609	2991
4610	2992
4611	2993
4612	2994
4613	2
4614	2995
4615	2996
4616	9
4617	2997
4618	2
4619	2
4620	2998
4621	9
4622	2999
4623	101
4624	3000
4625	84
4626	3001
4627	3002
4628	9
4629	3003
4630	9
4631	3004
4632	3005
4633	3006
4634	3007
4635	2
4636	9
4637	41
4638	3008
4639	3009
4640	3010
4641	3011
4642	2
4643	3012
4644	3013
4645	3014
4646	2
4647	3015
4648	3016
4649	17
4650	3017
4651	17
4652	3018
4653	3019
4654	3020
4655	2
4656	3021
4657	9
4658	2
4659	3022
4660	2
4661	3023
4662	9
4663	3024
4664	41
4665	3025
4666	3026
4667	3027
4668	3028
4669	3029
4670	17
4671	41
4672	2
4673	3030
4674	3031
4675	3032
4676	3033
4677	3034
4678	17
4679	3035
4680	3036
4681	3037
4682	3038
4683	2
4684	3039
4685	2
4686	3040
4687	3041
4688	3042
4689	23
4690	3043
4691	3044
4692	84
4693	3045
4694	9
4695	16
4696	2
4697	16
4698	3046
4699	2
4700	3047
4701	3048
4702	3049
4703	3050
4704	3051
4705	9
4706	3052
4707	3053
4708	3054
4709	3055
4710	3056
4711	3057
4712	3058
4713	3059
4714	3060
4715	3061
4716	2
4717	101
4718	3062
4719	2276
4720	3063
4721	3064
4722	3065
4723	101
4724	3066
4725	3067
4726	3068
4727	3069
4728	9
4729	3070
4730	23
4731	101
4732	16
4733	3071
4734	3072
4735	9
4736	9
4737	2
4738	9
4739	3073
4740	3074
4741	3075
4742	3076
4743	3077
4744	3078
4745	3079
4746	3080
4747	9
4748	3081
4749	9
4750	3082
4751	3083
4752	3084
4753	3085
4754	3086
4755	17
4756	3087
4757	9
4758	3088
4759	3089
4760	3090
4761	2
4762	3091
4763	3092
4764	3093
4765	3094
4766	9
4767	3095
4768	23
4769	3096
4770	3097
4771	2
4772	3098
4773	101
4774	3099
4775	3100
4776	101
4777	3101
4778	2
4779	9
4780	3102
4781	41
4782	41
4783	2
4784	2
4785	3103
4786	3104
4787	3105
4788	3106
4789	9
4790	3107
4791	3108
4792	2
4793	9
4794	3109
4795	101
4796	3110
4797	3111
4798	3112
4799	3113
4800	3114
4801	2
4802	9
4803	3115
4804	3116
4805	9
4806	3117
4807	9
4808	3118
4809	3119
4810	3120
4811	3121
4812	9
4813	3122
4814	9
4815	3123
4816	23
4817	3124
4818	3125
4819	9
4820	3126
4821	2
4822	3127
4823	23
4824	17
4825	3128
4826	3129
4827	3130
4828	3131
4829	3132
4830	2
4831	9
4832	3133
4833	3134
4834	3135
4835	17
4836	2
4837	23
4838	3136
4839	9
4840	3137
4841	3138
4842	3139
4843	2
4844	3140
4845	2
4846	23
4847	3141
4848	3142
4849	3143
4850	17
4851	17
4852	3144
4853	2
4854	17
4855	9
4856	3145
4857	3146
4858	2
4859	41
4860	23
4861	23
4862	9
4863	3147
4864	3148
4865	16
4866	3149
4867	3150
4868	3151
4869	2
4870	2
4871	41
4872	23
4873	3152
4874	9
4875	23
4876	17
4877	9
4878	3153
4879	23
4880	2
4881	3154
4882	2
4883	3155
4884	3156
4885	9
4886	3157
4887	3158
4888	9
4889	3159
4890	17
4891	9
4892	3160
4893	3161
4894	41
4895	3162
4896	3163
4897	23
4898	2
4899	3164
4900	2
4901	3165
4902	3166
4903	2
4904	9
4905	3167
4906	3168
4907	41
4908	3169
4909	3170
4910	66
4911	101
4912	3171
4913	3172
4914	3173
4915	3174
4916	41
4917	3175
4918	84
4919	66
4920	3176
4921	3177
4922	3178
4923	9
4924	3179
4925	3180
4926	3181
4927	3182
4928	3183
4929	3184
4930	9
4931	3185
4932	3186
4933	3187
4934	3188
4935	2
4936	3189
4937	2
4938	3190
4939	3191
4940	3192
4941	3193
4942	9
4943	3194
4944	2
4945	2
4946	3195
4947	9
4948	3196
4949	3197
4950	3198
4951	3199
4952	3200
4953	3201
4954	9
4955	2
4956	16
4957	3202
4958	3203
4959	17
4960	3204
4961	3205
4962	3206
4963	9
4964	41
4965	9
4966	3207
4967	3208
4968	3209
4969	3210
4970	3211
4971	3212
4972	3213
4973	3214
4974	3215
4975	3216
4976	3217
4977	9
4978	9
4979	101
4980	3218
4981	3219
4982	23
4983	3220
4984	3221
4985	3222
4986	9
4987	3223
4988	3224
4989	41
4990	3225
4991	3226
4992	3227
4993	3228
4994	2
4995	3229
4996	3230
4997	3231
4998	3232
4999	3233
5000	9
5001	2
5002	3234
5003	3235
5004	3236
5005	3237
5006	9
5007	3238
5008	41
5009	3239
5010	17
5011	17
5012	3240
5013	3241
5014	3242
5015	23
5016	17
5017	3243
5018	3244
5019	3245
5020	3246
5021	9
5022	41
5023	3247
5024	3248
5025	3249
5026	3250
5027	3251
5028	17
5029	3252
5030	2
5031	2
5032	3253
5033	17
5034	17
5035	3254
5036	3255
5037	3256
5038	3257
5039	3258
5040	3259
5041	2
5042	41
5043	3260
5044	3261
5045	3262
5046	23
5047	3263
5048	9
5049	3264
5050	3265
5051	3266
5052	2
5053	17
5054	9
5055	3267
5056	3268
5057	23
5058	9
5059	23
5060	9
5061	41
5062	23
5063	9
5064	3269
5065	3270
5066	2
5067	23
5068	3271
5069	23
5070	3272
5071	2
5072	3273
5073	3274
5074	17
5075	3275
5076	3276
5077	84
5078	3277
5079	3278
5080	3279
5081	3280
5082	3281
5083	3282
5084	2862
5085	23
5086	2
5087	16
5088	3283
5089	9
5090	3284
5091	3285
5092	3286
5093	3287
5094	3288
5095	3289
5096	3290
5097	3291
5098	3292
5099	3293
5100	3294
5101	3295
5102	3296
5103	3297
5104	23
5105	3298
5106	3299
5107	3300
5108	3301
5109	9
5110	3302
5111	3303
5112	3304
5113	3305
5114	17
5115	3306
5116	3307
5117	3308
5118	101
5119	3309
5120	3310
5121	3311
5122	3312
5123	3313
5124	3314
5125	17
5126	101
5127	2
5128	3315
5129	3316
5130	3317
5131	3318
5132	101
5133	3319
5134	3320
5135	23
5136	3321
5137	3322
5138	3323
5139	3324
5140	3325
5141	3326
5142	3327
5143	3328
5144	3329
5145	3330
5146	3331
5147	3332
5148	3333
5149	3334
5150	2
5151	3335
5152	3336
5153	3337
5154	3338
5155	17
5156	3339
5157	2
5158	9
5159	3340
5160	3341
5161	3342
5162	3343
5163	9
5164	3344
5165	2
5166	9
5167	3345
5168	3346
5169	3347
5170	3348
5171	3349
5172	3350
5173	9
5174	1252
5175	3351
5176	3352
5177	3353
5178	3354
5179	3355
5180	3356
5181	3357
5182	41
5183	3358
5184	3359
5185	3360
5186	9
5187	2
5188	3361
5189	3362
5190	3363
5191	3364
5192	3365
5193	3366
5194	3367
5195	3368
5196	2
5197	3369
5198	3370
5199	2
5200	3371
5201	3372
5202	3373
5203	3374
5204	3375
5205	3376
5206	3377
5207	3378
5208	3379
5209	2
5210	3380
5211	3381
5212	2
5213	3382
5214	3383
5215	3384
5216	23
5217	2
5218	3385
5219	16
5220	2
5221	3386
5222	3387
5223	3388
5224	3389
5225	2
5226	9
5227	3390
5228	3391
5229	3392
5230	23
5231	3393
5232	23
5233	17
5234	3394
5235	3395
5236	3396
5237	2
5238	3397
5239	3398
5240	3399
5241	9
5242	3400
5243	23
5244	3401
5245	3402
5246	17
5247	23
5248	9
5249	3403
5250	3404
5251	3405
5252	2
5253	2
5254	3406
5255	3407
5256	3408
5257	3409
5258	3410
5259	2
5260	3411
5261	3412
5262	3413
5263	3414
5264	3415
5265	23
5266	3416
5267	3417
5268	9
5269	3418
5270	9
5271	2
5272	3419
5273	3420
5274	3421
5275	2
5276	3422
5277	9
5278	9
5279	3423
5280	3424
5281	3425
5282	3426
5283	3427
5284	3428
5285	3429
5286	9
5287	9
5288	3430
5289	3431
5290	3432
5291	3433
5292	41
5293	3434
5294	3435
5295	3436
5296	3437
5297	41
5298	3438
5299	9
5300	3439
5301	3440
5302	3441
5303	23
5304	84
5305	3442
5306	3443
5307	3444
5308	17
5309	3445
5310	3446
5311	3447
5312	9
5313	2
5314	3448
5315	3449
5316	2
5317	3450
5318	3451
5319	3452
5320	3453
5321	3454
5322	3455
5323	2
5324	2
5325	9
5326	3456
5327	3457
5328	3458
5329	9
5330	3459
5331	9
5332	3460
5333	9
5334	2
5335	3461
5336	3462
5337	3463
5338	3464
5339	3465
5340	3466
5341	3467
5342	3468
5343	3469
5344	16
5345	3470
5346	3471
5347	3472
5348	3473
5349	3474
5350	3475
5351	3476
5352	3477
5353	3478
5354	3479
5355	3480
5356	3481
5357	2
5358	3482
5359	2
5360	3483
5361	23
5362	2
5363	3484
5364	3485
5365	3486
5366	3487
5367	3488
5368	9
5369	3489
5370	2276
5371	3490
5372	3491
5373	9
5374	3492
5375	23
5376	3493
5377	3494
5378	3495
5379	84
5380	3496
5381	3497
5382	3498
5383	3499
5384	3500
5385	3501
5386	9
5387	3502
5388	17
5389	3503
5390	3504
5391	3505
5392	3506
5393	17
5394	3507
5395	3508
5396	3509
5397	3510
5398	3511
5399	3512
5400	3513
5401	3514
5402	3515
5403	16
5404	23
5405	3516
5406	3517
5407	23
5408	3518
5409	3519
5410	3520
5411	23
5412	101
5413	101
5414	3521
5415	2
5416	41
5417	3522
5418	9
5419	9
5420	3523
5421	3524
5422	9
5423	3525
5424	3526
5425	9
5426	3527
5427	17
5428	9
5429	3528
5430	41
5431	3529
5432	3530
5433	3531
5434	3532
5435	3533
5436	3534
5437	9
5438	3535
5439	3536
5440	3537
5441	3538
5442	3539
5443	3540
5444	2
5445	3541
5446	3542
5447	3543
5448	2
5449	3544
5450	9
5451	2
5452	3545
5453	3546
5454	3547
5455	9
5456	3548
5457	3549
5458	3550
5459	101
5460	9
5461	23
5462	3551
5463	3552
5464	2
5465	41
5466	3553
5467	9
5468	3554
5469	3555
5470	3556
5471	3557
5472	9
5473	3558
5474	3559
5475	3560
5476	23
5477	3561
5478	2
5479	3562
5480	3563
5481	2
5482	9
5483	3564
5484	41
5485	9
5486	3565
5487	2
5488	2
5489	3566
5490	9
5491	3567
5492	2
5493	17
5494	3568
5495	3569
5496	3570
5497	3571
5498	23
5499	3572
5500	3573
5501	3574
5502	9
5503	3575
5504	9
5505	3576
5506	23
5507	3577
5508	3578
5509	3579
5510	3580
5511	3581
5512	3582
5513	2
5514	3583
5515	2
5516	23
5517	9
5518	3584
5519	3585
5520	3586
5521	2
5522	3587
5523	3588
5524	3589
5525	3590
5526	3591
5527	3592
5528	3593
5529	3594
5530	3595
5531	3596
5532	3597
5533	9
5534	3598
5535	3599
5536	3600
5537	3601
5538	3602
5539	3603
5540	9
5541	9
5542	2
5543	2
5544	23
5545	3604
5546	3605
5547	3606
5548	9
5549	3607
5550	3608
5551	3609
5552	3610
5553	3611
5554	9
5555	3612
5556	9
5557	3613
5558	3614
5559	3615
5560	3616
5561	17
5562	2
5563	9
5564	3617
5565	3618
5566	3619
5567	2
5568	3620
5569	3621
5570	3622
5571	3623
5572	3624
5573	3625
5574	3626
5575	3627
5576	3628
5577	16
5578	2
5579	17
5580	9
5581	3629
5582	3630
5583	2
5584	3631
5585	3632
5586	3633
5587	3634
5588	3635
5589	3636
5590	9
5591	3637
5592	41
5593	3638
5594	3639
5595	9
5596	3640
5597	9
5598	3641
5599	3642
5600	3643
5601	9
5602	41
5603	3644
5604	3645
5605	3646
5606	3647
5607	3648
5608	9
5609	3649
5610	3650
5611	17
5612	3651
5613	3652
5614	9
5615	23
5616	3653
5617	9
5618	3654
5619	3655
5620	3656
5621	3657
5622	9
5623	23
5624	2
5625	3658
5626	16
5627	2
5628	3659
5629	3660
5630	3661
5631	3662
5632	3663
5633	41
5634	3664
5635	9
5636	1252
5637	3665
5638	41
5639	3666
5640	3667
5641	836
5642	17
5643	3668
5644	3669
5645	3670
5646	3671
5647	3672
5648	3673
5649	3674
5650	9
5651	9
5652	2
5653	3675
5654	41
5655	3676
5656	3677
5657	3678
5658	41
5659	17
5660	23
5661	17
5662	2
5663	23
5664	3679
5665	3680
5666	3681
5667	23
5668	9
5669	2
5670	3682
5671	3683
5672	23
5673	3684
5674	3685
5675	3686
5676	9
5677	3687
5678	9
5679	23
5680	3688
5681	3689
5682	3690
5683	3691
5684	3692
5685	9
5686	101
5687	23
5688	3693
5689	3694
5690	3695
5691	3696
5692	3697
5693	3698
5694	3699
5695	3700
5696	3701
5697	3702
5698	3703
5699	3704
5700	9
5701	3705
5702	3706
5703	3707
5704	3708
5705	3709
5706	3710
5707	2
5708	9
5709	3711
5710	3712
5711	9
5712	9
5713	17
5714	3713
5715	3714
5716	3715
5717	3716
5718	3717
5719	3718
5720	9
5721	9
5722	3719
5723	3720
5724	2862
5725	3721
5726	3722
5727	9
5728	23
5729	3723
5730	3724
5731	3725
5732	9
5733	23
5734	3726
5735	3727
5736	3728
5737	3729
5738	3730
5739	9
5740	3731
5741	3732
5742	2
5743	9
5744	2
5745	9
5746	2
5747	3733
5748	3734
5749	23
5750	101
5751	1252
5752	2
5753	2
5754	9
5755	2
5756	3735
5757	3736
5758	3737
5759	23
5760	101
5761	9
5762	3738
5763	9
5764	3739
5765	2
5766	3740
5767	3741
5768	9
5769	9
5770	2
5771	3742
5772	3743
5773	41
5774	2
5775	3744
5776	3745
5777	2
5778	2
5779	3746
5780	2
5781	2
5782	3747
5783	23
5784	41
5785	3748
5786	3749
5787	9
5788	3750
5789	23
5790	3751
5791	3752
5792	3753
5793	17
5794	3754
5795	9
5796	9
5797	9
5798	3755
5799	2
5800	3756
5801	17
5802	3757
5803	3758
5804	3759
5805	3760
5806	2
5807	3761
5808	3762
5809	9
5810	3763
5811	3764
5812	3765
5813	3766
5814	23
5815	3767
5816	3768
5817	3769
5818	3770
5819	3771
5820	3772
5821	3773
5822	17
5823	3774
5824	3775
5825	3776
5826	3777
5827	16
5828	3778
5829	2
5830	3779
5831	17
5832	3780
5833	3781
5834	17
5835	101
5836	3782
5837	23
5838	3783
5839	3784
5840	3785
5841	101
5842	3786
5843	3787
5844	3788
5845	17
5846	3789
5847	17
5848	9
5849	3790
5850	9
5851	3791
5852	3792
5853	16
5854	3793
5855	2
5856	3794
5857	3795
5858	3796
5859	17
5860	23
5861	3797
5862	41
5863	3798
5864	17
5865	3799
5866	3800
5867	3801
5868	3802
5869	3803
5870	3804
5871	3805
5872	3806
5873	3807
5874	3808
5875	3809
5876	3810
5877	3811
5878	3812
5879	3813
5880	3814
5881	3815
5882	9
5883	3816
5884	3817
5885	3818
5886	3819
5887	23
5888	3820
5889	41
5890	23
5891	9
5892	41
5893	3821
5894	3822
5895	3823
5896	9
5897	3824
5898	3825
5899	3826
5900	3827
5901	3828
5902	23
5903	9
5904	3829
5905	9
5906	23
5907	2
5908	3830
5909	3831
5910	3832
5911	101
5912	3833
5913	3834
5914	2
5915	23
5916	3835
5917	3836
5918	84
5919	3837
5920	3838
5921	3839
5922	84
5923	9
5924	3840
5925	41
5926	9
5927	84
5928	3841
5929	3842
5930	3843
5931	3844
5932	3845
5933	3846
5934	2
5935	2
5936	3847
5937	3848
5938	66
5939	3849
5940	3850
5941	3851
5942	23
5943	2
5944	3852
5945	9
5946	9
5947	3853
5948	3854
5949	41
5950	3855
5951	3856
5952	2
5953	3857
5954	3858
5955	3859
5956	3860
5957	3861
5958	84
5959	1252
5960	9
5961	3862
5962	3863
5963	9
5964	3864
5965	9
5966	3865
5967	3866
5968	2
5969	3867
5970	2
5971	3868
5972	9
5973	23
5974	3869
5975	2
5976	17
5977	3870
5978	3871
5979	3872
5980	3873
5981	3874
5982	9
5983	3875
5984	9
5985	3876
5986	3877
5987	2
5988	3878
5989	9
5990	2
5991	3879
5992	101
5993	3880
5994	3881
5995	3882
5996	9
5997	23
5998	101
5999	2
6000	9
6001	3883
6002	3884
6003	2
6004	3885
6005	2
6006	3886
6007	3887
6008	9
6009	3888
6010	3889
6011	2
6012	3890
6013	3891
6014	2
6015	9
6016	3892
6017	17
6018	3893
6019	23
6020	23
6021	3894
6022	3895
6023	3896
6024	3897
6025	3898
6026	9
6027	2
6028	9
6029	17
6030	2
6031	9
6032	9
6033	3899
6034	3900
6035	3901
6036	3902
6037	2
6038	9
6039	3903
6040	3904
6041	3905
6042	3906
6043	3907
6044	3908
6045	9
6046	3909
6047	2
6048	84
6049	3910
6050	3911
6051	3912
6052	3913
6053	9
6054	23
6055	2
6056	9
6057	3914
6058	3915
6059	17
6060	3916
6061	2
6062	9
6063	3917
6064	3918
6065	17
6066	3919
6067	17
6068	3920
6069	9
6070	3921
6071	3922
6072	3923
6073	3924
6074	3925
6075	3926
6076	23
6077	3927
6078	3928
6079	3929
6080	101
6081	3930
6082	3931
6083	3932
6084	3933
6085	2
6086	3934
6087	2
6088	2
6089	3935
6090	3936
6091	3937
6092	2
6093	9
6094	2
6095	3938
6096	41
6097	2
6098	3939
6099	3940
6100	2
6101	3941
6102	3942
6103	9
6104	23
6105	2
6106	3943
6107	3944
6108	3945
6109	3946
6110	3947
6111	3948
6112	9
6113	101
6114	3949
6115	2
6116	2
6117	3950
6118	3951
6119	3952
6120	3953
6121	9
6122	17
6123	3954
6124	2
6125	41
6126	3955
6127	9
6128	3956
6129	3957
6130	3958
6131	3959
6132	2
6133	9
6134	84
6135	9
6136	3960
6137	9
6138	2
6139	3961
6140	2
6141	3962
6142	3963
6143	3964
6144	41
6145	3965
6146	17
6147	3966
6148	9
6149	3967
6150	3968
6151	3969
6152	3970
6153	9
6154	3971
6155	3972
6156	3973
6157	3974
6158	3975
6159	3976
6160	3977
6161	2
6162	3978
6163	3979
6164	3980
6165	3981
6166	3982
6167	2
6168	3983
6169	3984
6170	3985
6171	2
6172	9
6173	3986
6174	3987
6175	3988
6176	3989
6177	3990
6178	3991
6179	3992
6180	41
6181	3993
6182	3994
6183	3995
6184	3996
6185	3997
6186	9
6187	3998
6188	3999
6189	4000
6190	4001
6191	4002
6192	4003
6193	4004
6194	4005
6195	4006
6196	4007
6197	2
6198	4008
6199	4009
6200	4010
6201	23
6202	4011
6203	17
6204	4012
6205	4013
6206	4014
6207	4015
6208	4016
6209	4017
6210	4018
6211	4019
6212	4020
6213	84
6214	4021
6215	4022
6216	4023
6217	4024
6218	2
6219	4025
6220	9
6221	41
6222	41
6223	4026
6224	9
6225	4027
6226	4028
6227	4029
6228	4030
6229	4031
6230	2
6231	4032
6232	4033
6233	4034
6234	4035
6235	4036
6236	23
6237	17
6238	4037
6239	4038
6240	4039
6241	9
6242	4040
6243	23
6244	2
6245	4041
6246	9
6247	4042
6248	4043
6249	2
6250	9
6251	9
6252	4044
6253	9
6254	4045
6255	4046
6256	4047
6257	17
6258	4048
6259	4049
6260	1252
6261	4050
6262	4051
6263	4052
6264	23
6265	4053
6266	4054
6267	4055
6268	9
6269	4056
6270	4057
6271	4058
6272	4059
6273	2
6274	4060
6275	4061
6276	4062
6277	4063
6278	41
6279	4064
6280	4065
6281	4066
6282	4067
6283	4068
6284	4069
6285	17
6286	4070
6287	2
6288	23
6289	4071
6290	9
6291	2
6292	101
6293	4072
6294	4073
6295	2
6296	2
6297	4074
6298	4075
6299	41
6300	84
6301	4076
6302	4077
6303	4078
6304	4079
6305	4080
6306	2
6307	2
6308	2
6309	41
6310	4081
6311	4082
6312	4083
6313	4084
6314	17
6315	17
6316	4085
6317	4086
6318	16
6319	9
6320	4087
6321	4088
6322	4089
6323	2
6324	4090
6325	4091
6326	2
6327	4092
6328	9
6329	9
6330	4093
6331	4094
6332	4095
6333	4096
6334	4097
6335	4098
6336	9
6337	4099
6338	101
6339	4100
6340	17
6341	9
6342	4101
6343	23
6344	9
6345	2
6346	4102
6347	4103
6348	9
6349	4104
6350	4105
6351	9
6352	9
6353	9
6354	17
6355	2
6356	4106
6357	17
6358	4107
6359	4108
6360	4109
6361	23
6362	2
6363	4110
6364	17
6365	17
6366	17
6367	4111
6368	9
6369	4112
6370	4113
6371	9
6372	17
6373	23
6374	4114
6375	4115
6376	4116
6377	2276
6378	41
6379	4117
6380	4118
6381	4119
6382	4120
6383	4121
6384	4122
6385	836
6386	2
6387	4123
6388	4124
6389	4125
6390	4126
6391	9
6392	41
6393	2
6394	23
6395	4127
6396	4128
6397	4129
6398	9
6399	9
6400	4130
6401	4131
6402	2
6403	23
6404	4132
6405	9
6406	4133
6407	101
6408	2
6409	4134
6410	4135
6411	9
6412	4136
6413	4137
6414	9
6415	2
6416	4138
6417	23
6418	2
6419	9
6420	41
6421	4139
6422	9
6423	4140
6424	4141
6425	4142
6426	2
6427	4143
6428	2
6429	4144
6430	4145
6431	9
6432	2
6433	4146
6434	4147
6435	17
6436	101
6437	4148
6438	4149
6439	4150
6440	9
6441	4151
6442	4152
6443	4153
6444	4154
6445	4155
6446	23
6447	2
6448	2
6449	4156
6450	4157
6451	4158
6452	9
6453	16
6454	4159
6455	23
6456	4160
6457	4161
6458	4162
6459	9
6460	9
6461	4163
6462	9
6463	4164
6464	4165
6465	4166
6466	4167
6467	41
6468	4168
6469	4169
6470	2
6471	9
6472	9
6473	17
6474	101
6475	101
6476	4170
6477	4171
6478	9
6479	4172
6480	2
6481	4173
6482	4174
6483	4175
6484	4176
6485	2
6486	4177
6487	9
6488	9
6489	4178
6490	4179
6491	4180
6492	9
6493	101
6494	4181
6495	17
6496	9
6497	4182
6498	4183
6499	4184
6500	4185
6501	9
6502	4186
6503	4187
6504	4188
6505	23
6506	4189
6507	4190
6508	4191
6509	2
6510	2
6511	2
6512	4192
6513	4193
6514	2
6515	9
6516	23
6517	9
6518	4194
6519	4195
6520	9
6521	4196
6522	4197
6523	4198
6524	4199
6525	84
6526	4200
6527	4201
6528	17
6529	4202
6530	4203
6531	9
6532	101
6533	4204
6534	4205
6535	4206
6536	9
6537	17
6538	4207
6539	4208
6540	4209
6541	4210
6542	4211
6543	4212
6544	2
6545	4213
6546	17
6547	4214
6548	4215
6549	4216
6550	4217
6551	4218
6552	9
6553	9
6554	9
6555	4219
6556	4220
6557	4221
6558	4222
6559	4223
6560	4224
6561	66
6562	4225
6563	4226
6564	2
6565	17
6566	9
6567	4227
6568	4228
6569	4229
6570	2
6571	23
6572	4230
6573	4231
6574	4232
6575	4233
6576	9
6577	4234
6578	4235
6579	2
6580	9
6581	2
6582	4236
6583	17
6584	2
6585	4237
6586	9
6587	4238
6588	4239
6589	4240
6590	4241
6591	4242
6592	836
6593	4243
6594	4244
6595	4245
6596	2
6597	9
6598	4246
6599	4247
6600	4248
6601	4249
6602	4250
6603	4251
6604	41
6605	4252
6606	23
6607	4253
6608	4254
6609	4255
6610	4256
6611	2
6612	4257
6613	4258
6614	4259
6615	2
6616	4260
6617	4261
6618	4262
6619	23
6620	4263
6621	4264
6622	4265
6623	9
6624	4266
6625	17
6626	4267
6627	2
6628	4268
6629	4269
6630	4270
6631	4271
6632	2
6633	4272
6634	4273
6635	41
6636	23
6637	4274
6638	9
6639	2
6640	9
6641	9
6642	4275
6643	4276
6644	4277
6645	4278
6646	4279
6647	4280
6648	4281
6649	4282
6650	4283
6651	4284
6652	2
6653	4285
6654	9
6655	4286
6656	4287
6657	9
6658	4288
6659	4289
6660	4290
6661	9
6662	4291
6663	2
6664	4292
6665	2
6666	4293
6667	4294
6668	4295
6669	84
6670	17
6671	2
6672	4296
6673	4297
6674	4298
6675	4299
6676	4300
6677	4301
6678	2
6679	4302
6680	41
6681	4303
6682	4304
6683	101
6684	4305
6685	4306
6686	23
6687	23
6688	2
6689	41
6690	9
6691	4307
6692	4308
6693	4309
6694	4310
6695	23
6696	4311
6697	4312
6698	101
6699	2
6700	4313
6701	2
6702	4314
6703	4315
6704	4316
6705	17
6706	4317
6707	4318
6708	2
6709	2
6710	9
6711	4319
6712	4320
6713	4321
6714	16
6715	2
6716	2
6717	41
6718	23
6719	23
6720	2
6721	4322
6722	16
6723	17
6724	4323
6725	9
6726	4324
6727	16
6728	4325
6729	4326
6730	4327
6731	4328
6732	4329
6733	4330
6734	2
6735	4331
6736	9
6737	4332
6738	4333
6739	4334
6740	4335
6741	23
6742	4336
6743	9
6744	23
6745	4337
6746	41
6747	101
6748	4338
6749	9
6750	4339
6751	2
6752	4340
6753	4341
6754	4342
6755	4343
6756	4344
6757	4345
6758	4346
6759	23
6760	4347
6761	4348
6762	4349
6763	4350
6764	4351
6765	9
6766	4352
6767	4353
6768	4354
6769	4355
6770	9
6771	4356
6772	84
6773	4357
6774	4358
6775	4359
6776	4360
6777	4361
6778	9
6779	4362
6780	4363
6781	4364
6782	4365
6783	4366
6784	9
6785	84
6786	9
6787	4367
6788	4368
6789	4369
6790	9
6791	4370
6792	4371
6793	4372
6794	4373
6795	17
6796	41
6797	4374
6798	4375
6799	4376
6800	23
6801	2
6802	9
6803	9
6804	4377
6805	23
6806	4378
6807	4379
6808	4380
6809	23
6810	4381
6811	4382
6812	4383
6813	41
6814	4384
6815	9
6816	4385
6817	4386
6818	4387
6819	4388
6820	4389
6821	2
6822	4390
6823	4391
6824	4392
6825	41
6826	4393
6827	4394
6828	4395
6829	17
6830	2
6831	2
6832	17
6833	9
6834	2
6835	4396
6836	4397
6837	2
6838	17
6839	836
6840	4398
6841	9
6842	4399
6843	4400
6844	9
6845	4401
6846	4402
6847	4403
6848	17
6849	23
6850	4404
6851	9
6852	84
6853	23
6854	2
6855	4405
6856	9
6857	4406
6858	9
6859	9
6860	23
6861	4407
6862	4408
6863	9
6864	4409
6865	9
6866	4410
6867	9
6868	9
6869	4411
6870	16
6871	4412
6872	836
6873	4413
6874	4414
6875	4415
6876	9
6877	17
6878	4416
6879	4417
6880	4418
6881	4419
6882	4420
6883	9
6884	4421
6885	2
6886	4422
6887	4423
6888	101
6889	101
6890	1252
6891	9
6892	4424
6893	17
6894	9
6895	4425
6896	4426
6897	4427
6898	4428
6899	4429
6900	9
6901	4430
6902	4431
6903	4432
6904	4433
6905	17
6906	9
6907	4434
6908	4435
6909	4436
6910	4437
6911	4438
6912	4439
6913	23
6914	4440
6915	4441
6916	4442
6917	4443
6918	4444
6919	4445
6920	2
6921	23
6922	4446
6923	4447
6924	4448
6925	4449
6926	4450
6927	4451
6928	2
6929	4452
6930	4453
6931	4454
6932	101
6933	66
6934	4455
6935	4456
6936	4457
6937	66
6938	4458
6939	23
6940	9
6941	16
6942	4459
6943	4460
6944	4461
6945	17
6946	4462
6947	4463
6948	4464
6949	4465
6950	17
6951	2
6952	4466
6953	4467
6954	9
6955	4468
6956	4469
6957	2
6958	4470
6959	4471
6960	4472
6961	101
6962	4473
6963	4474
6964	4475
6965	4476
6966	4477
6967	4478
6968	4479
6969	23
6970	101
6971	4480
6972	2
6973	9
6974	4481
6975	2
6976	4482
6977	4483
6978	1252
6979	9
6980	4484
6981	23
6982	2
6983	4485
6984	4486
6985	4487
6986	4488
6987	4489
6988	2
6989	4490
6990	4491
6991	2
6992	4492
6993	2
6994	2
6995	4493
6996	17
6997	4494
6998	4495
6999	4496
7000	17
7001	2
7002	4497
7003	4498
7004	4499
7005	4500
7006	4501
7007	4502
7008	4503
7009	4504
7010	2
7011	9
7012	4505
7013	4506
7014	4507
7015	4508
7016	4509
7017	4510
7018	4511
7019	4512
7020	4513
7021	101
7022	2
7023	4514
7024	4515
7025	9
7026	4516
7027	41
7028	4517
7029	4518
7030	2
7031	4519
7032	9
7033	4520
7034	2
7035	4521
7036	2
7037	4522
7038	4523
7039	4524
7040	4525
7041	4526
7042	4527
7043	4528
7044	23
7045	84
7046	9
7047	2
7048	4529
7049	4530
7050	4531
7051	4532
7052	4533
7053	9
7054	101
7055	4534
7056	2
7057	84
7058	23
7059	9
7060	4535
7061	2
7062	4536
7063	4537
7064	4538
7065	4539
7066	2
7067	4540
7068	2
7069	23
7070	9
7071	4541
7072	41
7073	4542
7074	1252
7075	4543
7076	4544
7077	4545
7078	9
7079	4546
7080	101
7081	2
7082	2
7083	101
7084	4547
7085	9
7086	2
7087	4548
7088	4549
7089	4550
7090	4551
7091	4552
7092	2
7093	4553
7094	16
7095	4554
7096	4555
7097	4556
7098	101
7099	4557
7100	4558
7101	4559
7102	4560
7103	4561
7104	4562
7105	2
7106	4563
7107	4564
7108	4565
7109	4566
7110	41
7111	4567
7112	4568
7113	41
7114	4569
7115	16
7116	4570
7117	4571
7118	4572
7119	4573
7120	9
7121	2
7122	4574
7123	4575
7124	4576
7125	2
7126	4577
7127	16
7128	4578
7129	4579
7130	4580
7131	4581
7132	9
7133	4582
7134	4583
7135	101
7136	2
7137	4584
7138	2
7139	23
7140	4585
7141	4586
7142	17
7143	4587
7144	4588
7145	4589
7146	4590
7147	4591
7148	9
7149	4592
7150	4593
7151	4594
7152	4595
7153	4596
7154	4597
7155	9
7156	4598
7157	4599
7158	84
7159	4600
7160	2
7161	4601
7162	4602
7163	4603
7164	4604
7165	4605
7166	9
7167	41
7168	4606
7169	4607
7170	4608
7171	4609
7172	23
7173	23
7174	2
7175	4610
7176	41
7177	4611
7178	4612
7179	4613
7180	4614
7181	4615
7182	2
7183	9
7184	4616
7185	4617
7186	2
7187	9
7188	4618
7189	4619
7190	2
7191	4620
7192	2
7193	9
7194	4621
7195	4622
7196	23
7197	4623
7198	4624
7199	101
7200	4625
7201	2
7202	41
7203	41
7204	2
7205	4626
7206	4627
7207	2
7208	4628
7209	4629
7210	9
7211	2
7212	23
7213	4630
7214	4631
7215	4632
7216	4633
7217	17
7218	101
7219	4634
7220	2
7221	4635
7222	4636
7223	2
7224	4637
7225	4638
7226	4639
7227	4640
7228	2
7229	9
7230	4641
7231	4642
7232	4643
7233	23
7234	9
7235	4644
7236	4645
7237	9
7238	4646
7239	4647
7240	4648
7241	4649
7242	4650
7243	4651
7244	4652
7245	2
7246	4653
7247	2
7248	4654
7249	2
7250	4655
7251	4656
7252	4657
7253	4658
7254	4659
7255	4660
7256	4661
7257	101
7258	17
7259	4662
7260	4663
7261	4664
7262	4665
7263	4666
7264	2
7265	9
7266	16
7267	16
7268	4667
7269	4668
7270	2
7271	4669
7272	4670
7273	4671
7274	4672
7275	9
7276	4673
7277	4674
7278	4675
7279	4676
7280	4677
7281	17
7282	1252
7283	4678
7284	84
7285	4679
7286	4680
7287	4681
7288	9
7289	4682
7290	4683
7291	4684
7292	4685
7293	4686
7294	4687
7295	23
7296	4688
7297	9
7298	4689
7299	4690
7300	2
7301	9
7302	16
7303	4691
7304	4692
7305	4693
7306	2
7307	41
7308	4694
7309	4695
7310	4696
7311	101
7312	23
7313	4697
7314	4698
7315	101
7316	84
7317	4699
7318	4700
7319	4701
7320	4702
7321	41
7322	84
7323	17
7324	17
7325	4703
7326	4704
7327	4705
7328	101
7329	4706
7330	4707
7331	4708
7332	9
7333	4709
7334	4710
7335	4711
7336	41
7337	4712
7338	4713
7339	9
7340	4714
7341	2
7342	2
7343	2
7344	4715
7345	4716
7346	4717
7347	4718
7348	4719
7349	2
7350	4720
7351	4721
7352	2
7353	4722
7354	84
7355	1252
7356	4723
7357	17
7358	4724
7359	4725
7360	4726
7361	23
7362	9
7363	4727
7364	4728
7365	4729
7366	4730
7367	101
7368	4731
7369	9
7370	4732
7371	4733
7372	4734
7373	9
7374	4735
7375	2
7376	9
7377	4736
7378	4737
7379	9
7380	4738
7381	4739
7382	4740
7383	4741
7384	4742
7385	4743
7386	17
7387	23
7388	4744
7389	4745
7390	17
7391	4746
7392	4747
7393	23
7394	4748
7395	4749
7396	4750
7397	2
7398	4751
7399	4752
7400	9
7401	4753
7402	4754
7403	4755
7404	4756
7405	4757
7406	2
7407	2
7408	4758
7409	4759
7410	4760
7411	4761
7412	4762
7413	2
7414	4763
7415	9
7416	4764
7417	4765
7418	4766
7419	84
7420	4767
7421	4768
7422	16
7423	9
7424	4769
7425	4770
7426	2
7427	9
7428	4771
7429	4772
7430	4773
7431	4774
7432	9
7433	4775
7434	4776
7435	4777
7436	4778
7437	4779
7438	4780
7439	4781
7440	4782
7441	23
7442	2
7443	9
7444	17
7445	4783
7446	4784
7447	2
7448	4785
7449	101
7450	4786
7451	4787
7452	4788
7453	4789
7454	2
7455	4790
7456	4791
7457	4792
7458	4793
7459	4794
7460	4795
7461	4796
7462	4797
7463	1252
7464	4798
7465	9
7466	4799
7467	4800
7468	4801
7469	16
7470	23
7471	23
7472	4802
7473	4803
7474	4804
7475	4805
7476	9
7477	4806
7478	41
7479	4807
7480	2
7481	4808
7482	2
7483	23
7484	23
7485	4809
7486	4810
7487	101
7488	4811
7489	84
7490	4812
7491	2
7492	4813
7493	4814
7494	4815
7495	4816
7496	4817
7497	4818
7498	4819
7499	41
7500	4820
7501	4821
7502	4822
7503	4823
7504	9
7505	4824
7506	4825
7507	4826
7508	4827
7509	9
7510	4828
7511	836
7512	4829
7513	4830
7514	2
7515	4831
7516	9
7517	4832
7518	23
7519	101
7520	4833
7521	4834
7522	9
7523	4835
7524	4836
7525	9
7526	4837
7527	4838
7528	4839
7529	4840
7530	4841
7531	4842
7532	2
7533	4843
7534	4844
7535	101
7536	4845
7537	4846
7538	9
7539	4847
7540	4848
7541	4849
7542	4850
7543	9
7544	4851
7545	4852
7546	4853
7547	4854
7548	4855
7549	9
7550	4856
7551	9
7552	101
7553	4857
7554	4858
7555	4859
7556	9
7557	4860
7558	4861
7559	4862
7560	4863
7561	4864
7562	4865
7563	4866
7564	4867
7565	2
7566	23
7567	16
7568	4868
7569	17
7570	4869
7571	2
7572	17
7573	41
7574	4870
7575	4871
7576	4872
7577	4873
7578	4874
7579	9
7580	4875
7581	17
7582	9
7583	4876
7584	4877
7585	16
7586	101
7587	2
7588	4878
7589	2
7590	4879
7591	2
7592	4880
7593	4881
7594	4882
7595	101
7596	4883
7597	2
7598	41
7599	4884
7600	9
7601	2
7602	4885
7603	9
7604	4886
7605	4887
7606	4888
7607	9
7608	4889
7609	9
7610	4890
7611	2
7612	4891
7613	4892
7614	2
7615	4893
7616	9
7617	4894
7618	4895
7619	4896
7620	2
7621	17
7622	4897
7623	4898
7624	4899
7625	4900
7626	17
7627	9
7628	23
7629	4901
7630	2
7631	4902
7632	2
7633	4903
7634	4904
7635	4905
7636	4906
7637	9
7638	4907
7639	9
7640	4908
7641	4909
7642	4910
7643	4911
7644	2
7645	4912
7646	9
7647	4913
7648	9
7649	4914
7650	4915
7651	4916
7652	101
7653	9
7654	41
7655	9
7656	23
7657	2
7658	4917
7659	4918
7660	4919
7661	4920
7662	4921
7663	84
7664	9
7665	4922
7666	4923
7667	4924
7668	4925
7669	4926
7670	4927
7671	4928
7672	4929
7673	4930
7674	23
7675	17
7676	4931
7677	4932
7678	4933
7679	4934
7680	4935
7681	2
7682	4936
7683	4937
7684	2
7685	9
7686	4938
7687	9
7688	4939
7689	9
7690	4940
7691	4941
7692	2
7693	4942
7694	4943
7695	4944
7696	23
7697	9
7698	4945
7699	4946
7700	4947
7701	4948
7702	4949
7703	4950
7704	9
7705	101
7706	9
7707	16
7708	4951
7709	4952
7710	4953
7711	9
7712	4954
7713	4955
7714	23
7715	41
7716	4956
7717	9
7718	17
7719	9
7720	4957
7721	9
7722	4958
7723	4959
7724	23
7725	4960
7726	4961
7727	4962
7728	2
7729	9
7730	9
7731	4963
7732	16
7733	4964
7734	9
7735	4965
7736	4966
7737	4967
7738	4968
7739	9
7740	17
7741	4969
7742	4970
7743	23
7744	4971
7745	4972
7746	4973
7747	4974
7748	9
7749	4975
7750	4976
7751	4977
7752	4978
7753	2
7754	4979
7755	17
7756	4980
7757	4981
7758	2
7759	4982
7760	2
7761	4983
7762	4984
7763	23
7764	9
7765	4985
7766	9
7767	4986
7768	4987
7769	4988
7770	4989
7771	9
7772	4990
7773	23
7774	17
7775	4991
7776	4992
7777	4993
7778	4994
7779	4995
7780	4996
7781	2
7782	4997
7783	41
7784	4998
7785	4999
7786	9
7787	23
7788	5000
7789	5001
7790	5002
7791	5003
7792	5004
7793	5005
7794	5006
7795	5007
7796	5008
7797	5009
7798	5010
7799	5011
7800	101
7801	5012
7802	101
7803	5013
7804	101
7805	5014
7806	5015
7807	17
7808	2
7809	9
7810	5016
7811	41
7812	5017
7813	2
7814	2
7815	5018
7816	5019
7817	5020
7818	5021
7819	5022
7820	9
7821	5023
7822	2
7823	5024
7824	5025
7825	5026
7826	5027
7827	2
7828	5028
7829	5029
7830	5030
7831	17
7832	101
7833	5031
7834	2
7835	2
7836	5032
7837	66
7838	5033
7839	5034
7840	5035
7841	5036
7842	5037
7843	9
7844	5038
7845	5039
7846	5040
7847	23
7848	5041
7849	5042
7850	84
7851	9
7852	5043
7853	5044
7854	5045
7855	9
7856	5046
7857	5047
7858	5048
7859	5049
7860	9
7861	5050
7862	5051
7863	23
7864	5052
7865	5053
7866	5054
7867	5055
7868	17
7869	5056
7870	5057
7871	5058
7872	5059
7873	23
7874	41
7875	5060
7876	5061
7877	5062
7878	2
7879	5063
7880	5064
7881	5065
7882	41
7883	5066
7884	5067
7885	5068
7886	16
7887	5069
7888	5070
7889	5071
7890	5072
7891	5073
7892	23
7893	2
7894	23
7895	5074
7896	5075
7897	101
7898	5076
7899	9
7900	9
7901	5077
7902	5078
7903	1252
7904	5079
7905	5080
7906	5081
7907	5082
7908	9
7909	5083
7910	5084
7911	9
7912	5085
7913	5086
7914	9
7915	5087
7916	5088
7917	2
7918	9
7919	5089
7920	9
7921	5090
7922	5091
7923	5092
7924	5093
7925	9
7926	5094
7927	17
7928	2
7929	5095
7930	9
7931	9
7932	5096
7933	2
7934	5097
7935	5098
7936	5099
7937	5100
7938	9
7939	5101
7940	5102
7941	5103
7942	5104
7943	41
7944	5105
7945	2
7946	5106
7947	17
7948	5107
7949	23
7950	5108
7951	5109
7952	41
7953	5110
7954	2
7955	5111
7956	5112
7957	41
7958	5113
7959	5114
7960	17
7961	5115
7962	5116
7963	9
7964	5117
7965	5118
7966	5119
7967	5120
7968	5121
7969	5122
7970	2
7971	5123
7972	836
7973	5124
7974	23
7975	5125
7976	23
7977	5126
7978	5127
7979	5128
7980	5129
7981	2
7982	23
7983	9
7984	5130
7985	5131
7986	5132
7987	5133
7988	2
7989	5134
7990	5135
7991	66
7992	9
7993	5136
7994	5137
7995	5138
7996	5139
7997	5140
7998	5141
7999	5142
8000	5143
8001	101
8002	5144
8003	5145
8004	2
8005	5146
8006	9
8007	2
8008	2
8009	5147
8010	5148
8011	5149
8012	101
8013	5150
8014	9
8015	5151
8016	5152
8017	5153
8018	5154
8019	17
8020	101
8021	5155
8022	9
8023	5156
8024	101
8025	5157
8026	5158
8027	101
8028	5159
8029	5160
8030	5161
8031	5162
8032	5163
8033	5164
8034	9
8035	23
8036	5165
8037	41
8038	5166
8039	5167
8040	5168
8041	5169
8042	5170
8043	5171
8044	5172
8045	5173
8046	5174
8047	5175
8048	5176
8049	5177
8050	5178
8051	9
8052	5179
8053	41
8054	5180
8055	5181
8056	2
8057	5182
8058	5183
8059	5184
8060	9
8061	41
8062	9
8063	5185
8064	2
8065	9
8066	5186
8067	23
8068	2
8069	2
8070	9
8071	5187
8072	5188
8073	5189
8074	41
8075	5190
8076	5191
8077	5192
8078	5193
8079	5194
8080	5195
8081	836
8082	5196
8083	5197
8084	5198
8085	5199
8086	2
8087	5200
8088	5201
8089	9
8090	5202
8091	5203
8092	5204
8093	5205
8094	5206
8095	16
8096	5207
8097	5208
8098	5209
8099	5210
8100	9
8101	9
8102	5211
8103	84
8104	5212
8105	1252
8106	5213
8107	5214
8108	5215
8109	2
8110	84
8111	5216
8112	5217
8113	17
8114	5218
8115	9
8116	5219
8117	9
8118	5220
8119	5221
8120	5222
8121	2
8122	17
8123	9
8124	2
8125	5223
8126	5224
8127	5225
8128	2
8129	5226
8130	2
8131	5227
8132	5228
8133	2
8134	23
8135	41
8136	5229
8137	9
8138	5230
8139	5231
8140	5232
8141	9
8142	5233
8143	5234
8144	2
8145	23
8146	17
8147	5235
8148	5236
8149	9
8150	5237
8151	5238
8152	5239
8153	5240
8154	5241
8155	2
8156	9
8157	5242
8158	5243
8159	2
8160	5244
8161	5245
8162	5246
8163	2
8164	5247
8165	5248
8166	5249
8167	5250
8168	5251
8169	5252
8170	5253
8171	9
8172	5254
8173	5255
8174	5256
8175	5257
8176	5258
8177	9
8178	5259
8179	5260
8180	5261
8181	2
8182	2
8183	23
8184	5262
8185	5263
8186	2
8187	2
8188	5264
8189	5265
8190	5266
8191	5267
8192	5268
8193	9
8194	23
8195	5269
8196	5270
8197	5271
8198	17
8199	101
8200	9
8201	9
8202	5272
8203	9
8204	2
8205	5273
8206	9
8207	5274
8208	836
8209	23
8210	5275
8211	9
8212	5276
8213	9
8214	5277
8215	5278
8216	2
8217	2
8218	5279
8219	5280
8220	23
8221	5281
8222	5282
8223	5283
8224	5284
8225	2
8226	5285
8227	5286
8228	5287
8229	5288
8230	17
8231	9
8232	5289
8233	9
8234	5290
8235	5291
8236	5292
8237	5293
8238	9
8239	5294
8240	23
8241	9
8242	17
8243	5295
8244	23
8245	5296
8246	5297
8247	5298
8248	5299
8249	5300
8250	5301
8251	9
8252	16
8253	9
8254	5302
8255	5303
8256	5304
8257	5305
8258	5306
8259	9
8260	5307
8261	2
8262	9
8263	5308
8264	5309
8265	5310
8266	2
8267	9
8268	5311
8269	5312
8270	5313
8271	5314
8272	5315
8273	5316
8274	23
8275	5317
8276	5318
8277	2
8278	5319
8279	5320
8280	23
8281	5321
8282	5322
8283	5323
8284	5324
8285	5325
8286	2
8287	17
8288	5326
8289	9
8290	5327
8291	84
8292	9
8293	5328
8294	5329
8295	5330
8296	5331
8297	84
8298	5332
8299	5333
8300	5334
8301	9
8302	5335
8303	5336
8304	2
8305	41
8306	5337
8307	5338
8308	5339
8309	5340
8310	5341
8311	5342
8312	5343
8313	23
8314	5344
8315	5345
8316	5346
8317	5347
8318	5348
8319	5349
8320	5350
8321	9
8322	5351
8323	5352
8324	5353
8325	9
8326	5354
8327	5355
8328	5356
8329	5357
8330	5358
8331	5359
8332	5360
8333	9
8334	23
8335	5361
8336	5362
8337	5363
8338	5364
8339	5365
8340	5366
8341	5367
8342	5368
8343	5369
8344	23
8345	23
8346	5370
8347	9
8348	2
8349	23
8350	836
8351	5371
8352	2
8353	9
8354	5372
8355	9
8356	5373
8357	5374
8358	5375
8359	9
8360	5376
8361	2
8362	5377
8363	5378
8364	17
8365	5379
8366	5380
8367	41
8368	2
8369	16
8370	5381
8371	9
8372	5382
8373	2
8374	9
8375	17
8376	5383
8377	5384
8378	5385
8379	5386
8380	5387
8381	5388
8382	5389
8383	5390
8384	5391
8385	5392
8386	5393
8387	5394
8388	2
8389	17
8390	5395
8391	5396
8392	41
8393	5397
8394	5398
8395	5399
8396	5400
8397	5401
8398	5402
8399	101
8400	5403
8401	2
8402	5404
8403	5405
8404	9
8405	16
8406	16
8407	2
8408	5406
8409	5407
8410	17
8411	2
8412	5408
8413	9
8414	5409
8415	5410
8416	2
8417	23
8418	9
8419	5411
8420	9
8421	17
8422	5412
8423	5413
8424	5414
8425	5415
8426	5416
8427	5417
8428	5418
8429	5419
8430	5420
8431	5421
8432	5422
8433	41
8434	5423
8435	5424
8436	17
8437	2
8438	5425
8439	5426
8440	17
8441	23
8442	5427
8443	5428
8444	9
8445	9
8446	5429
8447	101
8448	5430
8449	5431
8450	17
8451	9
8452	5432
8453	5433
8454	5434
8455	5435
8456	16
8457	9
8458	2
8459	2
8460	9
8461	5436
8462	5437
8463	5438
8464	5439
8465	9
8466	5440
8467	5441
8468	16
8469	5442
8470	2
8471	5443
8472	5444
8473	9
8474	9
8475	5445
8476	2
8477	23
8478	5446
8479	5447
8480	5448
8481	2
8482	5449
8483	5450
8484	9
8485	5451
8486	9
8487	5452
8488	5453
8489	5454
8490	5455
8491	5456
8492	5457
8493	5458
8494	5459
8495	5460
8496	5461
8497	5462
8498	23
8499	5463
8500	2
8501	17
8502	16
8503	1252
8504	23
8505	2
8506	5464
8507	101
8508	9
8509	5465
8510	5466
8511	5467
8512	41
8513	5468
8514	5469
8515	9
8516	5470
8517	5471
8518	5472
8519	84
8520	5473
8521	9
8522	9
8523	5474
8524	5475
8525	41
8526	5476
8527	9
8528	5477
8529	5478
8530	2
8531	5479
8532	9
8533	5480
8534	5481
8535	2
8536	5482
8537	5483
8538	9
8539	9
8540	5484
8541	5485
8542	5486
8543	5487
8544	2
8545	5488
8546	5489
8547	9
8548	5490
8549	5491
8550	1252
8551	5492
8552	5493
8553	5494
8554	5495
8555	5496
8556	5497
8557	9
8558	16
8559	2
8560	5498
8561	2
8562	5499
8563	2
8564	9
8565	836
8566	5500
8567	23
8568	5501
8569	5502
8570	5503
8571	5504
8572	5505
8573	23
8574	9
8575	5506
8576	9
8577	5507
8578	9
8579	17
8580	2
8581	17
8582	5508
8583	41
8584	5509
8585	9
8586	9
8587	5510
8588	17
8589	5511
8590	5512
8591	2
8592	5513
8593	5514
8594	5515
8595	5516
8596	5517
8597	16
8598	5518
8599	101
8600	5519
8601	5520
8602	5521
8603	5522
8604	9
8605	5523
