0	0	0	789	0	2912
0	0	1	36	0	935
0	0	2	1332	0	2698
0	0	3	4853	13203	12979
0	0	4	2527	0	906
0	0	5	4875	16155	15442
0	0	6	648	0	4016
0	0	7	8409	0	1325
0	0	8	7356	0	863
0	0	9	1002	0	946
0	0	10	3798	17202	12740
0	0	11	3032	0	717
0	0	12	1594	15895	14806
0	0	13	5426	16328	16091
0	0	14	6494	17008	12636
0	0	15	3796	0	406
0	0	16	6564	13329	11819
0	0	17	2842	15380	13332
0	0	18	4041	0	1359
0	0	19	704	0	1055
0	0	20	6028	0	287
0	0	21	7141	15158	13477
0	0	22	3928	0	174
0	0	23	1505	0	357
0	0	24	4098	14294	13455
0	0	25	6669	13662	13053
0	0	26	387	0	926
0	0	27	1422	14195	13900
0	0	28	8578	17041	16092
0	0	29	4514	16491	14797
0	0	30	6066	0	1255
0	0	31	6202	0	1917
0	0	32	1486	16837	16299
0	0	33	3927	16713	14598
0	0	34	2145	0	327
0	0	35	5307	0	3427
0	0	36	4669	13698	13282
0	0	37	3257	13470	13222
0	0	38	7926	0	1934
0	0	39	3464	0	1065
0	0	40	5245	13331	12876
0	0	41	436	13683	13595
0	0	42	892	14023	13629
0	0	43	4330	16340	13781
0	0	44	5863	14042	13996
0	0	45	1407	17170	13147
0	0	46	5032	0	449
0	0	47	1162	14317	14290
0	0	48	2908	0	1162
0	0	49	274	14437	14255
0	0	50	2217	0	264
0	0	51	250	17218	16054
0	0	52	7389	0	1544
0	0	53	8145	0	159
0	0	54	2510	0	1339
0	0	55	759	0	1670
0	0	56	1418	0	2396
0	0	57	8286	15123	13354
0	0	58	7580	0	433
0	0	59	6949	0	2754
0	0	60	6876	17147	16255
0	0	61	4307	0	5222
0	0	62	3184	15073	14321
0	0	63	4823	16035	14665
0	0	64	6064	0	366
0	0	65	330	0	2406
0	0	66	44	14716	14321
0	0	67	396	0	795
0	0	68	3243	0	3600
0	0	69	5154	0	903
0	0	70	1259	16702	11943
0	0	71	4834	13006	12342
0	0	72	3584	13176	12323
0	0	73	61	13268	12667
0	0	74	6828	0	1206
0	0	75	6256	13616	13030
0	0	76	2607	0	1233
0	0	77	3691	0	2431
0	0	78	242	15017	13355
0	0	79	3102	0	793
0	0	80	3776	0	2776
0	0	81	5027	0	3021
0	0	82	3015	0	1340
0	0	83	2996	14535	12465
0	0	84	4459	16217	14892
0	0	85	8121	17555	16002
0	0	86	451	0	3360
0	0	87	8500	17564	13629
0	0	88	6314	16983	15476
0	0	89	7571	0	3578
0	0	90	7739	15609	13059
0	0	91	323	15951	15326
0	0	92	2859	16305	15745
0	0	93	4407	16169	13430
0	0	94	2273	17392	13998
0	0	95	6582	0	476
0	0	96	3955	0	849
0	0	97	1975	0	1498
0	0	98	4364	15316	14601
0	0	99	4561	0	2225
0	0	100	7806	16785	14384
0	0	101	6434	0	1735
0	0	102	8241	16040	15081
0	0	103	7322	15306	14667
0	0	104	2555	14734	13779
0	0	105	3025	14508	12234
0	0	106	1570	16666	15180
0	0	107	20	0	36
0	0	108	4044	16254	15056
0	0	109	3663	0	1456
0	0	110	707	16995	15865
0	0	111	1811	0	56
0	0	112	7280	17911	12184
0	0	113	993	15820	15518
0	0	114	4175	15673	15652
0	0	115	3882	0	1272
0	0	116	5858	14579	13821
0	0	117	1306	0	76
0	0	118	5052	14843	14455
0	0	119	787	0	667
0	0	120	4849	0	39
0	0	121	6236	15749	13251
0	0	122	3069	0	254
0	0	123	8229	0	1776
0	0	124	5800	0	3578
0	0	125	2221	16164	12682
0	0	126	6145	0	71
0	0	127	5712	14265	14082
0	0	128	2427	0	3228
0	0	129	7717	0	1787
0	0	130	7754	0	1467
0	0	131	5610	15101	13968
0	0	132	1607	14009	13302
0	0	133	5833	15909	14574
0	0	134	4322	14672	14606
0	0	135	5033	15763	13914
0	0	136	6837	0	1087
0	0	137	5975	13280	13102
0	0	138	2303	13826	13626
0	0	139	5124	16160	15381
0	0	140	5821	0	2967
0	0	141	6363	16065	13478
0	0	142	3847	0	1745
0	0	143	2392	17365	12141
0	0	144	4889	0	5933
0	0	145	5392	0	231
0	0	146	7216	0	1266
0	0	147	3662	15773	13974
0	0	148	6704	14534	13490
0	0	149	432	15580	12655
0	0	150	6365	13024	10702
0	0	151	3969	13295	13131
0	0	152	3549	0	2307
0	0	153	2616	15412	13816
0	0	154	6722	13896	13178
0	0	155	4582	0	152
0	0	156	1609	16009	13497
0	0	157	6944	0	104
0	0	158	1822	0	2822
0	0	159	4529	14423	13855
0	0	160	7323	15725	12893
0	0	161	8439	0	1418
0	0	162	5844	13757	13655
0	0	163	3082	0	429
0	0	164	5010	16039	13038
0	0	165	2271	0	2043
0	0	166	767	16514	14938
0	0	167	6794	0	295
0	0	168	2421	0	2433
0	0	169	896	0	1216
0	0	170	1707	17037	13089
0	0	171	1669	0	1510
0	0	172	2356	0	275
0	0	173	3165	15908	15481
0	0	174	3121	0	930
0	0	175	6121	15927	15455
0	0	176	8018	0	2650
0	0	177	5660	0	2443
0	0	178	3123	0	972
0	0	179	3249	16516	13147
0	0	180	4958	16059	15881
0	0	181	4677	16362	15637
0	0	182	8420	16570	12605
0	0	183	6016	0	848
0	0	184	4505	16309	15799
0	0	185	4539	17380	14315
0	0	186	2141	16697	14016
0	0	187	2686	18089	15543
0	0	188	2478	16171	15387
0	0	189	8197	15704	13470
0	0	190	6847	15298	14058
0	0	191	2563	15004	13991
0	0	192	7568	0	966
0	0	193	3616	0	959
0	0	194	5658	14096	12875
0	0	195	5009	14501	13373
0	0	196	2463	0	271
0	0	197	7946	0	369
0	0	198	134	17828	15452
0	0	199	4555	18353	16507
0	0	200	2969	17698	15187
0	0	201	341	0	3626
0	0	202	519	0	3489
0	0	203	1279	0	267
0	0	204	6058	0	2270
0	0	205	4605	0	858
0	0	206	2169	13205	12661
0	0	207	6831	13220	12877
0	0	208	7443	0	2587
0	0	209	2064	0	479
0	0	210	4405	13739	13381
0	0	211	4850	13823	12723
0	0	212	1483	14923	14309
0	0	213	8112	15865	14452
0	0	214	6624	15146	14742
0	0	215	1336	0	2589
0	0	216	6353	14914	14477
0	0	217	6527	15754	13057
0	0	218	5792	15652	14778
0	0	219	5560	15972	14194
0	0	220	8388	15857	13115
0	0	221	3497	13992	13456
0	0	222	4754	14469	13894
0	0	223	1103	15849	13041
0	0	224	5073	14099	13506
0	0	225	6313	0	1945
0	0	226	2753	15522	15502
0	0	227	727	0	978
0	0	228	1964	17263	15805
0	0	229	111	0	1211
0	0	230	5830	0	1022
0	0	231	3653	16798	15327
0	0	232	8587	15789	13782
0	0	233	6356	0	1634
0	0	234	6472	0	1685
0	0	235	7674	0	491
0	0	236	5015	0	2137
0	0	237	4650	0	6157
0	0	238	1205	0	1457
0	0	239	6284	15457	14048
0	0	240	8374	15171	11682
0	0	241	5578	0	1026
0	0	242	3188	0	1012
0	0	243	3131	0	921
0	0	244	2480	0	1592
0	0	245	6999	15532	10254
0	0	246	8435	15274	14710
0	0	247	6364	16652	14827
0	0	248	8363	16104	14024
0	0	249	1596	14394	14357
0	0	250	146	15098	12840
0	0	251	2263	0	3016
0	0	252	5492	0	451
0	0	253	287	0	2021
0	0	254	2336	15827	11819
0	0	255	5113	0	1600
0	0	256	7625	0	2805
0	0	257	6892	0	2042
0	0	258	8580	16495	12614
0	0	259	5232	13783	13308
0	0	260	6545	15290	14297
0	0	261	7959	0	368
0	0	262	7620	17218	15184
0	0	263	6904	17966	15064
0	0	264	2535	17407	13804
0	0	265	2492	0	2917
0	0	266	6339	17699	16373
0	0	267	7867	17878	15973
0	0	268	616	17171	16521
0	0	269	6995	16560	15200
0	0	270	2030	16851	14577
0	0	271	4648	17698	13652
0	0	272	6371	14679	13125
0	0	273	7773	17233	15501
0	0	274	613	0	1274
0	0	275	3112	16007	15594
0	0	276	999	0	414
0	0	277	2999	17595	16281
0	0	278	5846	0	2185
0	0	279	7830	14281	14161
0	0	280	362	0	3211
0	0	281	7257	0	874
0	0	282	4033	15885	14642
0	0	283	7385	15983	13809
0	0	284	940	0	1217
0	0	285	2894	0	308
0	0	286	5387	16047	14082
0	0	287	5641	0	736
0	0	288	8449	0	2020
0	0	289	6536	0	17206
0	1	0	57	16278	11980
0	1	1	1957	14480	13932
0	1	2	400	14736	14286
0	1	3	6932	15797	15766
0	1	4	4467	0	2112
0	1	5	7990	0	599
0	1	6	92	17823	11471
0	1	7	4603	15173	12978
0	1	8	579	0	2154
0	1	9	6936	13376	12944
0	1	10	3922	13626	12948
0	1	11	4532	16168	14358
0	1	12	7836	0	927
0	1	13	2241	0	691
0	1	14	4918	16647	16456
0	1	15	4909	0	1979
0	1	16	1498	17162	13179
0	1	17	3983	15418	14200
0	1	18	5937	14345	14306
0	1	19	6560	15792	15231
0	1	20	1914	0	5260
0	1	21	549	0	15886
0	2	0	930	14834	14076
0	2	1	1647	17921	15204
0	2	2	3730	0	6046
0	2	3	3259	17170	0
0	3	0	1169	0	736
0	3	1	8232	0	407
0	3	2	2477	0	1566
0	3	3	8373	16203	14096
0	3	4	7521	14573	13207
0	3	5	5324	0	2882
0	3	6	1877	0	275
0	3	7	7663	0	1023
0	3	8	6250	16129	12713
0	3	9	4000	14227	13357
0	3	10	4704	14196	13895
0	3	11	4452	0	711
0	3	12	7608	0	126
0	3	13	5650	14650	13917
0	3	14	189	14832	14277
0	3	15	7555	0	97
0	3	16	1075	15923	14806
0	3	17	1402	15609	14875
0	3	18	2918	0	3715
0	3	19	7524	0	2269
0	3	20	3722	14371	14019
0	3	21	5594	0	5861
0	3	22	2890	0	1057
0	3	23	8514	0	1577
0	3	24	6905	14000	13914
0	3	25	3007	16384	14154
0	3	26	2280	17665	14706
0	3	27	4132	15572	14449
0	3	28	5484	14581	14289
0	3	29	409	0	1516
0	3	30	3589	14512	14112
0	3	31	236	14852	12837
0	3	32	7705	0	589
0	3	33	4155	0	312
0	3	34	8358	15921	14463
0	3	35	1899	15627	12481
0	3	36	1783	16055	13172
0	3	37	5675	0	1693
0	3	38	8346	0	552
0	3	39	1657	17749	15519
0	3	40	2784	0	170
0	3	41	3292	0	659
0	3	42	7361	0	2331
0	3	43	6458	0	795
0	3	44	3762	0	2751
0	3	45	2932	16796	14999
0	3	46	1683	0	1120
0	3	47	6367	0	2946
0	3	48	1156	15435	14255
0	3	49	8352	0	3211
0	3	50	8585	17157	15056
0	3	51	2596	0	103
0	3	52	8237	16151	13689
0	3	53	6052	0	370
0	3	54	322	14892	13618
0	3	55	5796	0	428
0	3	56	7729	15859	15570
0	3	57	3821	0	1285
0	3	58	3938	0	2749
0	3	59	689	0	161
0	3	60	3671	17711	14074
0	3	61	2723	0	1219
0	3	62	7638	14836	13424
0	3	63	5944	0	168
0	3	64	5057	15676	14844
0	3	65	232	16748	16517
0	3	66	7763	0	2657
0	3	67	3044	0	2645
0	3	68	4890	0	7542
0	3	69	7929	0	170
0	3	70	5108	0	1299
0	3	71	4737	0	425
0	3	72	660	13987	13967
0	3	73	1202	17160	15356
0	3	74	5731	0	935
0	3	75	41	0	154
0	3	76	2242	0	2371
0	3	77	5710	0	381
0	3	78	8354	0	3555
0	3	79	2610	0	403
0	3	80	8261	14569	14016
0	3	81	3936	0	84
0	3	82	4977	0	994
0	3	83	4615	0	3331
0	3	84	6352	0	259
0	3	85	2390	17559	14283
0	3	86	235	0	2612
0	3	87	7747	0	381
0	3	88	3168	12929	12615
0	3	89	2606	13064	12917
0	3	90	2324	0	1691
0	3	91	5999	14128	14000
0	3	92	5922	0	422
0	3	93	4586	17662	12808
0	3	94	7296	0	671
0	3	95	7615	0	637
0	3	96	7537	0	1065
0	3	97	369	0	548
0	3	98	3538	15602	14326
0	3	99	8444	0	351
0	3	100	5427	0	3285
0	3	101	4046	0	3357
0	3	102	6972	13943	13374
0	3	103	1850	15693	14952
0	3	104	4229	15441	14179
0	3	105	8526	0	390
0	3	106	5247	18099	14401
0	3	107	2837	0	1532
0	3	108	4146	14437	14386
0	3	109	4343	0	748
0	3	110	5162	18147	13664
0	3	111	2313	16136	14578
0	3	112	3632	16992	13762
0	3	113	1512	15511	14446
0	3	114	7508	16145	13789
0	3	115	5760	0	1861
0	3	116	1299	17192	14896
0	3	117	1054	0	801
0	3	118	8370	17270	13899
0	3	119	2522	14482	13328
0	3	120	1318	0	268
0	3	121	7165	18299	14161
0	3	122	5579	14670	13851
0	3	123	4873	16197	15460
0	3	124	5053	0	501
0	3	125	424	16161	14533
0	3	126	6027	15217	14511
0	3	127	2218	14716	13341
0	3	128	6748	14230	13165
0	3	129	3113	16857	14626
0	3	130	5367	0	3489
0	3	131	525	17636	14167
0	3	132	4333	15248	13129
0	3	133	933	13947	13399
0	3	134	1710	0	1864
0	3	135	7718	14450	14235
0	3	136	3260	17312	12215
0	3	137	4118	15496	13313
0	3	138	515	14408	12635
0	3	139	4592	14459	14147
0	3	140	4226	0	715
0	3	141	2294	0	16793
0	4	0	1477	15714	14431
0	4	1	3801	0	1789
0	4	2	7418	14414	13242
0	4	3	856	0	1243
0	4	4	1839	0	1079
0	4	5	281	15608	12494
0	4	6	7315	13805	13393
0	4	7	5926	14617	11696
0	4	8	5076	0	1086
0	4	9	7056	15217	14773
0	4	10	384	17849	13392
0	4	11	4291	0	2448
0	4	12	7283	0	776
0	4	13	4691	0	2835
0	4	14	6212	0	1337
0	4	15	7849	16660	14962
0	4	16	4492	16098	15775
0	4	17	7662	15795	13228
0	4	18	5378	13436	13210
0	4	19	6299	0	1505
0	4	20	4917	14449	14190
0	4	21	8109	14806	13117
0	4	22	1444	16378	14907
0	4	23	2927	15114	15038
0	4	24	1728	16878	14618
0	4	25	2483	0	1542
0	4	26	5957	0	572
0	4	27	7488	17912	14607
0	4	28	1242	16977	13835
0	4	29	8102	15183	15161
0	4	30	1168	15767	15324
0	4	31	1824	17075	13021
0	4	32	5917	14020	13175
0	4	33	8296	0	586
0	4	34	5921	0	264
0	4	35	6133	17072	14210
0	4	36	7321	0	1412
0	4	37	4624	15782	14048
0	4	38	4416	0	2756
0	4	39	1747	0	1104
0	4	40	8290	13127	12961
0	4	41	6524	0	1679
0	4	42	4479	0	802
0	4	43	121	15073	15006
0	4	44	6771	15419	13541
0	4	45	8518	13994	13860
0	4	46	6851	13991	13752
0	4	47	3898	14690	13803
0	4	48	1042	15396	13392
0	4	49	7044	0	901
0	4	50	7353	0	328
0	4	51	4149	18590	15387
0	4	52	6784	0	1906
0	4	53	5303	13714	13478
0	4	54	6047	14917	14624
0	4	55	1528	0	1023
0	4	56	1943	15001	13098
0	4	57	4227	16957	14940
0	4	58	880	16235	16122
0	4	59	6668	0	798
0	4	60	3806	16983	15150
0	4	61	531	16512	12808
0	4	62	3347	0	1112
0	4	63	1339	0	242
0	4	64	454	0	1798
0	4	65	3154	0	1478
0	4	66	7157	0	934
0	4	67	4112	0	1372
0	4	68	7558	0	1112
0	4	69	5640	16401	15706
0	4	70	8593	16001	15223
0	4	71	2660	15335	12970
0	4	72	203	0	141
0	4	73	8349	15383	15164
0	4	74	2216	0	540
0	4	75	6871	16778	14128
0	4	76	116	0	1539
0	4	77	3444	14025	13371
0	4	78	3610	14679	13828
0	4	79	3264	15652	14397
0	4	80	7971	0	3198
0	4	81	6591	14135	13477
0	4	82	1288	0	151
0	4	83	6384	15036	14386
0	4	84	8080	16188	15805
0	4	85	7510	0	1813
0	4	86	8207	16995	11953
0	4	87	8564	17104	14192
0	4	88	6838	0	15085
0	5	0	3142	16002	14352
0	5	1	1666	0	1224
0	5	2	1835	16110	15277
0	5	3	6508	15471	13445
0	5	4	5000	14233	13449
0	5	5	661	0	3904
0	5	6	3685	15953	14349
0	5	7	1554	14507	14203
0	5	8	8590	0	1316
0	5	9	2309	15546	14108
0	5	10	7137	15932	11434
0	5	11	5805	15340	14897
0	5	12	6853	17213	15045
0	5	13	2824	0	988
0	5	14	1116	15919	14681
0	5	15	4422	0	1783
0	5	16	4551	14249	14096
0	5	17	6114	14490	13840
0	5	18	2978	0	128
0	5	19	4783	0	500
0	5	20	2795	0	1175
0	5	21	5477	0	1929
0	5	22	7927	0	1716
0	5	23	430	16669	15123
0	5	24	1663	16881	13791
0	5	25	7191	0	985
0	5	26	6708	0	878
0	5	27	4842	0	1698
0	5	28	3784	15186	12506
0	5	29	8224	0	536
0	5	30	5779	0	2745
0	5	31	1396	0	2876
0	5	32	4993	0	1223
0	5	33	2249	0	372
0	5	34	4315	13506	13138
0	5	35	1425	13202	13034
0	5	36	7453	14675	12834
0	5	37	4879	0	1812
0	5	38	3158	17371	13200
0	5	39	7210	0	1740
0	5	40	5029	15874	13990
0	5	41	1466	0	1723
0	5	42	6054	15647	13163
0	5	43	7055	0	3291
0	5	44	5211	14970	13698
0	5	45	7610	16591	15795
0	5	46	6583	16952	13345
0	5	47	2033	0	1123
0	5	48	2274	0	251
0	5	49	5998	14709	14255
0	5	50	6662	0	749
0	5	51	8055	0	4149
0	5	52	3212	16460	14398
0	5	53	7916	16240	13854
0	5	54	4760	15972	14379
0	5	55	7200	14850	13481
0	5	56	6401	15476	13807
0	5	57	1003	0	519
0	5	58	5743	14529	13446
0	5	59	3708	13683	13633
0	5	60	4063	0	3307
0	5	61	6325	0	652
0	5	62	5668	13667	12761
0	5	63	152	15717	12916
0	5	64	4197	14720	14526
0	5	65	2254	14764	14322
0	5	66	3382	16351	14610
0	5	67	4530	15269	13893
0	5	68	8347	0	4007
0	5	69	7834	13883	13571
0	5	70	7727	0	1784
0	5	71	2858	0	2213
0	5	72	4523	0	1259
0	5	73	761	0	1499
0	5	74	4324	15363	13959
0	5	75	4835	15481	14465
0	5	76	5745	14499	13326
0	5	77	7588	0	2524
0	5	78	2085	0	427
0	5	79	1382	16634	14729
0	5	80	4583	0	675
0	5	81	407	0	1206
0	5	82	6580	16714	15641
0	5	83	425	17122	16303
0	5	84	6446	16325	15052
0	5	85	6091	15506	12786
0	5	86	5969	0	765
0	5	87	4151	14595	13923
0	5	88	8436	14697	13797
0	5	89	6046	0	1057
0	5	90	5934	0	3349
0	5	91	7173	0	3206
0	5	92	8063	15396	12563
0	5	93	1049	0	1525
0	5	94	7944	0	2175
0	5	95	5577	18608	15012
0	5	96	6322	16063	15774
0	5	97	8180	18010	15310
0	5	98	2923	15480	15064
0	5	99	3746	16875	13182
0	5	100	6131	0	18
0	5	101	4897	16259	12249
0	5	102	4657	12889	12543
0	5	103	1257	13377	12989
0	5	104	486	0	559
0	5	105	4526	13783	13540
0	5	106	49	14051	13761
0	5	107	5085	0	906
0	5	108	2629	15844	13800
0	5	109	7341	0	1238
0	5	110	1912	13809	12861
0	5	111	3831	0	2921
0	5	112	6099	0	764
0	5	113	3812	13826	13660
0	5	114	1266	0	338
0	5	115	3489	18153	14614
0	5	116	8132	0	948
0	5	117	2944	0	2162
0	5	118	7600	14101	13808
0	5	119	2820	0	957
0	5	120	1177	15324	12702
0	5	121	1174	13803	11743
0	5	122	952	14436	13572
0	5	123	4954	0	30
0	5	124	2737	0	709
0	5	125	8260	0	471
0	5	126	539	15709	14615
0	5	127	6884	15722	12964
0	5	128	5913	15753	13426
0	5	129	6115	16316	14951
0	5	130	1725	0	924
0	5	131	4684	14789	13376
0	5	132	1787	16448	13971
0	5	133	204	17513	16211
0	5	134	8543	0	2091
0	5	135	7590	0	1612
0	5	136	7807	0	3026
0	5	137	1949	17331	16103
0	5	138	2971	17003	11234
0	5	139	7980	0	87
0	5	140	4003	17371	15738
0	5	141	1764	17521	16656
0	5	142	376	17467	15304
0	5	143	6610	15932	14173
0	5	144	3505	0	1786
0	5	145	5224	13313	13108
0	5	146	6093	13742	13142
0	5	147	1543	0	1114
0	5	148	6139	0	534
0	5	149	7091	15526	13637
0	5	150	7033	0	841
0	5	151	4844	14229	12355
0	5	152	569	0	114
0	5	153	3039	0	1193
0	5	154	5520	0	775
0	5	155	3997	0	2487
0	5	156	2798	0	49
0	5	157	8158	0	2910
0	5	158	3374	14691	14542
0	5	159	7570	16513	12767
0	5	160	4634	0	2530
0	5	161	3680	14806	13025
0	5	162	3987	0	3499
0	5	163	5186	13915	12692
0	5	164	1913	0	1596
0	5	165	6990	0	249
0	5	166	8475	0	2233
0	5	167	50	0	2866
0	5	168	5149	15081	12012
0	5	169	7969	16960	15315
0	5	170	7046	0	481
0	5	171	1902	0	1546
0	5	172	6543	0	1071
0	5	173	8185	0	111
0	5	174	8085	0	1562
0	5	175	2290	0	179
0	5	176	2433	17896	15867
0	5	177	5951	17400	15424
0	5	178	4198	0	1319
0	5	179	2529	17947	14945
0	5	180	3854	0	152
0	5	181	3246	15829	13579
0	5	182	193	0	819
0	5	183	3511	14235	13925
0	5	184	3699	15999	15451
0	5	185	4374	0	553
0	5	186	5126	15176	13863
0	5	187	1489	14384	13176
0	5	188	4299	17089	15889
0	5	189	126	17641	14044
0	5	190	1499	16123	15653
0	5	191	5447	15929	12918
0	5	192	962	14213	13944
0	5	193	7104	0	393
0	5	194	372	0	1131
0	5	195	5486	0	281
0	5	196	3930	0	1026
0	5	197	2200	16145	16025
0	5	198	8579	17660	15015
0	5	199	723	15280	14556
0	5	200	254	0	1066
0	5	201	6096	0	3568
0	5	202	1482	16467	14741
0	5	203	3748	0	1380
0	5	204	8006	0	844
0	5	205	8265	15263	14284
0	5	206	7932	0	1542
0	5	207	4500	0	987
0	5	208	1882	0	1790
0	5	209	489	15002	14493
0	5	210	6626	0	833
0	5	211	1001	13934	13669
0	5	212	8186	0	1504
0	5	213	4782	0	1004
0	5	214	3669	15193	14390
0	5	215	7244	15502	15093
0	5	216	575	0	3080
0	5	217	3781	0	509
0	5	218	4899	18089	15565
0	5	219	8123	16858	15105
0	5	220	1430	0	1712
0	5	221	950	0	1835
0	5	222	1778	17521	15415
0	5	223	3909	17349	14828
0	5	224	6229	14916	13092
0	5	225	2240	15969	14577
0	5	226	7181	0	3800
0	5	227	5626	0	720
0	5	228	93	0	2771
0	5	229	6927	0	240
0	5	230	7656	0	885
0	5	231	3377	0	97
0	5	232	6563	16175	14947
0	5	233	3647	0	2076
0	5	234	6595	15705	15172
0	5	235	4192	0	1207
0	5	236	4518	0	1434
0	5	237	4372	15977	13762
0	5	238	7877	0	409
0	5	239	3642	13606	13472
0	5	240	4485	15132	14332
0	5	241	6950	0	1761
0	5	242	7227	13365	12723
0	5	243	7613	0	420
0	5	244	3846	16114	15914
0	5	245	4715	0	2091
0	5	246	3640	0	2923
0	5	247	5582	0	2481
0	5	248	2675	16965	16364
0	5	249	4596	17084	13747
0	5	250	3724	17710	15470
0	5	251	4902	0	2151
0	5	252	1756	0	974
0	5	253	5252	16442	15042
0	5	254	3714	0	753
0	5	255	6026	15183	15069
0	5	256	2566	0	1656
0	5	257	7159	15978	14223
0	5	258	3378	0	42
0	5	259	3	15281	13670
0	5	260	1840	14338	14009
0	5	261	5798	0	4267
0	5	262	4293	0	2281
0	5	263	1234	15042	14245
0	5	264	6354	0	380
0	5	265	2688	0	408
0	5	266	538	16520	14593
0	5	267	5070	0	127
0	5	268	6196	0	2447
0	5	269	4109	0	2455
0	5	270	6087	14799	13037
0	5	271	4868	0	748
0	5	272	1930	15281	14868
0	5	273	6830	14979	14946
0	5	274	7405	17928	16272
0	5	275	2588	16470	13929
0	5	276	6614	14267	14190
0	5	277	1182	14849	14558
0	5	278	3251	0	1967
0	5	279	651	0	1166
0	5	280	1231	0	595
0	5	281	1809	17318	16157
0	5	282	6407	0	897
0	5	283	7631	0	2888
0	5	284	6427	0	329
0	5	285	5514	14969	11213
0	5	286	292	13541	13164
0	5	287	4695	14156	13848
0	5	288	5566	0	16
0	5	289	158	0	221
0	5	290	7021	14353	14255
0	5	291	5561	16814	13300
0	5	292	5195	14660	13658
0	5	293	77	13776	13494
0	5	294	7263	17781	14813
0	5	295	5030	0	3274
0	5	296	5164	13535	13020
0	5	297	4495	14228	13905
0	5	298	5906	16872	15063
0	5	299	2239	0	1690
0	5	300	6248	0	584
0	5	301	5773	18650	14556
0	5	302	2453	0	2355
0	5	303	2279	0	708
0	5	304	7752	0	1610
0	5	305	8285	0	592
0	5	306	4852	0	1680
0	5	307	6829	14696	13389
0	5	308	4934	13596	12680
0	5	309	7374	13229	12712
0	5	310	1680	15150	14712
0	5	311	8410	0	2265
0	5	312	3512	13004	12982
0	5	313	8534	13571	13065
0	5	314	706	0	253
0	5	315	8143	0	3039
0	5	316	1149	15619	13955
0	5	317	4014	0	3342
0	5	318	2633	0	2665
0	5	319	4618	0	902
0	5	320	4944	17197	15367
0	5	321	2471	0	1325
0	5	322	6361	14728	14699
0	5	323	6820	15789	12267
0	5	324	2650	15368	14355
0	5	325	4936	0	1110
0	5	326	626	0	3363
0	5	327	4659	15430	15326
0	5	328	3151	0	1609
0	5	329	1553	0	137
0	5	330	8529	16054	13772
0	5	331	7759	0	3917
0	5	332	7248	18217	15617
0	5	333	7826	0	3010
0	5	334	1500	0	84
0	5	335	2785	17797	13289
0	5	336	478	15512	13320
0	5	337	7348	14825	14129
0	5	338	6992	0	481
0	5	339	912	16579	14623
0	5	340	5752	15768	13885
0	5	341	2991	0	486
0	5	342	7009	14633	13119
0	5	343	7222	0	1932
0	5	344	7513	15419	14930
0	5	345	4386	0	756
0	5	346	3333	0	180
0	5	347	8372	0	4074
0	5	348	6306	0	544
0	5	349	3789	15779	14411
0	5	350	6700	14715	12869
0	5	351	5828	13698	13127
0	5	352	6029	13141	11432
0	5	353	167	13551	11699
0	5	354	6836	13520	13408
0	5	355	5219	14066	13157
0	5	356	3807	0	1620
0	5	357	3883	0	206
0	5	358	2747	15115	12605
0	5	359	2990	0	368
0	5	360	902	0	768
0	5	361	1789	16852	14735
0	5	362	669	0	1856
0	5	363	5208	15393	12793
0	5	364	3232	13917	13607
0	5	365	7953	0	102
0	5	366	1863	14167	13319
0	5	367	5198	0	910
0	5	368	5933	14833	13725
0	5	369	4654	14973	14179
0	5	370	5216	15170	13231
0	5	371	6677	0	259
0	5	372	917	16090	15394
0	5	373	2550	15875	13789
0	5	374	1708	0	1237
0	5	375	6166	0	463
0	5	376	4820	0	2401
0	5	377	5356	17849	14946
0	5	378	181	0	3279
0	5	379	2528	14009	13335
0	5	380	2233	0	1783
0	5	381	8504	0	2373
0	5	382	4587	0	574
0	5	383	4248	0	677
0	5	384	7680	17293	16552
0	5	385	6687	0	575
0	5	386	7425	17144	16763
0	5	387	7185	16893	13159
0	5	388	8007	0	1846
0	5	389	4641	0	108
0	5	390	5541	0	995
0	5	391	844	13914	12500
0	5	392	1363	0	648
0	5	393	3153	0	1085
0	5	394	5487	0	437
0	5	395	1546	13947	12208
0	5	396	2165	0	298
0	5	397	4800	17541	15469
0	5	398	3218	0	2754
0	5	399	8003	15706	14437
0	5	400	4009	0	70
0	5	401	7446	15569	15055
0	5	402	6013	0	3350
0	5	403	7189	0	509
0	5	404	1679	15690	13968
0	5	405	638	15669	15211
0	5	406	2735	0	1691
0	5	407	3594	0	1200
0	5	408	8387	14355	12486
0	5	409	828	0	5886
0	5	410	2646	0	833
0	5	411	6243	0	1269
0	5	412	3635	16648	14329
0	5	413	3214	0	4141
0	5	414	1181	0	309
0	5	415	8457	16160	14783
0	5	416	4881	17758	14632
0	5	417	301	18333	13037
0	5	418	5270	14082	9435
0	5	419	5491	0	585
0	5	420	3485	0	492
0	5	421	686	0	187
0	5	422	7120	15178	13725
0	5	423	4310	15219	14899
0	5	424	3209	16061	14299
0	5	425	1602	0	626
0	5	426	6993	16260	15245
0	5	427	1070	15769	14641
0	5	428	4509	0	1825
0	5	429	5967	0	114
0	5	430	2210	0	1427
0	5	431	2966	0	634
0	5	432	6160	0	600
0	5	433	1367	14436	14339
0	5	434	7206	14853	13290
0	5	435	2763	0	1860
0	5	436	426	0	419
0	5	437	4857	15585	15064
0	5	438	7531	16472	14457
0	5	439	2449	0	3044
0	5	440	4943	0	1837
0	5	441	7757	0	3592
0	5	442	1484	0	415
0	5	443	2468	16183	15312
0	5	444	1005	15486	14785
0	5	445	7619	0	1351
0	5	446	1412	17455	16702
0	5	447	2929	0	3678
0	5	448	6987	17694	15147
0	5	449	4257	15177	13968
0	5	450	7406	0	1782
0	5	451	4380	0	1575
0	5	452	628	15034	13824
0	5	453	2500	0	1727
0	5	454	464	15353	14198
0	5	455	6631	0	3280
0	5	456	1406	0	2440
0	5	457	5323	0	1417
0	5	458	1213	14130	13411
0	5	459	1503	0	734
0	5	460	5450	18016	15196
0	5	461	6719	15444	14735
0	5	462	132	16521	12809
0	5	463	6510	0	639
0	5	464	972	0	2450
0	5	465	4770	0	511
0	5	466	2880	16964	15526
0	5	467	6479	0	2492
0	5	468	6698	14319	14019
0	5	469	4777	16054	11318
0	5	470	621	0	596
0	5	471	6513	0	837
0	5	472	7000	15025	14220
0	5	473	2067	14314	8618
0	5	474	8203	15927	14391
0	5	475	3641	0	526
0	5	476	8351	16844	13550
0	5	477	2613	14405	13784
0	5	478	4829	0	420
0	5	479	3984	15750	13740
0	5	480	2387	16454	16092
0	5	481	7396	0	3945
0	5	482	1691	15827	15340
0	5	483	7629	15571	14853
0	5	484	4091	0	2973
0	5	485	7029	0	5469
0	5	486	1441	0	1699
0	5	487	5764	0	939
0	5	488	3630	18167	15483
0	5	489	4617	0	990
0	5	490	3897	0	2370
0	5	491	977	0	4612
0	5	492	8400	0	128
0	5	493	1338	0	2901
0	5	494	479	0	3062
0	5	495	272	14313	13409
0	5	496	7892	0	3993
0	5	497	3008	0	1515
0	5	498	5065	14714	14001
0	5	499	7412	16092	9975
0	5	500	5751	16922	15774
0	5	501	1128	0	4403
0	5	502	98	0	793
0	5	503	1025	0	247
0	5	504	6733	0	395
0	5	505	5754	0	2160
0	5	506	8499	0	942
0	5	507	3042	0	2163
0	5	508	8458	17232	16298
0	5	509	2269	0	1115
0	5	510	431	16448	14907
0	5	511	6670	0	2368
0	5	512	1286	0	2322
0	5	513	640	15639	14177
0	5	514	3631	17195	15149
0	5	515	843	0	1296
0	5	516	3135	0	2348
0	5	517	7821	0	865
0	5	518	7490	0	209
0	5	519	1191	13448	13419
0	5	520	441	14090	13410
0	5	521	5706	0	1175
0	5	522	2662	0	1719
0	5	523	5251	17456	16217
0	5	524	7987	0	3934
0	5	525	6664	0	3766
0	5	526	2595	14154	13241
0	5	527	6123	16107	13033
0	5	528	4145	0	666
0	5	529	4283	14507	14420
0	5	530	2514	0	163
0	5	531	3749	0	2786
0	5	532	4645	15793	14995
0	5	533	199	16962	15376
0	5	534	1481	0	3083
0	5	535	7812	0	1448
0	5	536	2073	0	4065
0	5	537	1307	0	1167
0	5	538	169	0	1639
0	5	539	1429	0	2648
0	5	540	1447	17872	15624
0	5	541	8216	16604	13868
0	5	542	4791	15088	13754
0	5	543	1061	15834	14208
0	5	544	3528	15716	15204
0	5	545	1067	0	2097
0	5	546	3959	0	602
0	5	547	5623	0	316
0	5	548	8360	0	3121
0	5	549	4184	14754	13972
0	5	550	4007	0	1481
0	5	551	5040	0	1080
0	5	552	7081	0	2119
0	5	553	312	13724	12186
0	5	554	73	14568	13257
0	5	555	7065	0	2741
0	5	556	2323	13447	13331
0	5	557	849	14186	13070
0	5	558	6800	15015	13986
0	5	559	1431	15600	14352
0	5	560	1154	17125	16064
0	5	561	4480	0	2496
0	5	562	5051	0	139
0	5	563	614	18297	14392
0	5	564	6084	0	899
0	5	565	806	0	123
0	5	566	2807	0	3655
0	5	567	5358	0	1947
0	5	568	576	16678	13126
0	5	569	6417	0	1838
0	5	570	4345	0	1458
0	5	571	4496	14647	13527
0	5	572	8108	0	171
0	5	573	6344	0	411
0	5	574	2325	0	177
0	5	575	5414	0	148
0	5	576	5661	15227	14281
0	5	577	726	15972	15155
0	5	578	4671	17589	15899
0	5	579	6715	16862	15736
0	5	580	6509	16176	13917
0	5	581	8406	14506	14336
0	5	582	2721	14870	13458
0	5	583	2558	18003	11527
0	5	584	6307	13487	13009
0	5	585	6305	15761	14673
0	5	586	6010	14972	13184
0	5	587	6104	0	527
0	5	588	342	0	1981
0	5	589	8215	0	473
0	5	590	7691	0	563
0	5	591	2401	17411	16961
0	5	592	4490	0	3918
0	5	593	5315	14743	13211
0	5	594	5542	13854	13693
0	5	595	6060	0	2166
0	5	596	8558	16004	14885
0	5	597	4354	15006	14263
0	5	598	4295	14917	13316
0	5	599	415	15032	14313
0	5	600	3751	0	256
0	5	601	1561	14969	14405
0	5	602	3217	0	1737
0	5	603	1212	0	3478
0	5	604	5512	0	896
0	5	605	2131	15241	13641
0	5	606	7135	13734	13434
0	5	607	4220	0	1107
0	5	608	6086	16141	14107
0	5	609	1984	14883	13671
0	5	610	8367	15775	14643
0	5	611	3696	0	665
0	5	612	7035	15154	13062
0	5	613	7203	13505	12048
0	5	614	6714	0	1999
0	5	615	889	15300	14954
0	5	616	4598	15404	15033
0	5	617	3617	16178	12811
0	5	618	2635	14678	12722
0	5	619	497	0	373
0	5	620	5776	0	849
0	5	621	5443	15380	15135
0	5	622	2557	17488	14444
0	5	623	8129	14746	13046
0	5	624	6578	14004	12611
0	5	625	803	0	176
0	5	626	2163	0	1818
0	5	627	3157	0	410
0	5	628	2873	14238	13735
0	5	629	3957	16339	14389
0	5	630	900	16542	15172
0	5	631	7342	17376	13232
0	5	632	1050	15209	14726
0	5	633	6295	15962	13589
0	5	634	8480	0	2394
0	5	635	6286	0	722
0	5	636	7060	13680	13357
0	5	637	3111	14642	14086
0	5	638	3282	0	678
0	5	639	471	14484	13536
0	5	640	7299	17437	16564
0	5	641	6217	17873	12931
0	5	642	1470	15186	15161
0	5	643	8181	0	2273
0	5	644	4443	0	2017
0	5	645	6392	0	1000
0	5	646	5942	18022	14315
0	5	647	417	0	2607
0	5	648	6956	0	755
0	5	649	6004	0	2951
0	5	650	1700	15187	13868
0	5	651	749	15265	11998
0	5	652	7305	13511	13459
0	5	653	3195	13970	13864
0	5	654	8162	14768	14570
0	5	655	8276	0	494
0	5	656	4383	0	3283
0	5	657	1611	0	1067
0	5	658	7586	0	1580
0	5	659	1139	15507	15171
0	5	660	932	0	2919
0	5	661	6002	15661	13228
0	5	662	1893	14892	13443
0	5	663	8562	0	209
0	5	664	2912	15293	13624
0	5	665	5258	0	1570
0	5	666	5769	0	2816
0	5	667	5312	0	168
0	5	668	3615	14900	12980
0	5	669	938	13206	13169
0	5	670	5156	13332	13037
0	5	671	2953	0	587
0	5	672	7441	0	788
0	5	673	8303	0	1295
0	5	674	2068	0	713
0	5	675	5989	15060	14318
0	5	676	5480	14370	12309
0	5	677	7643	14731	14506
0	5	678	3815	15462	13143
0	5	679	2748	13300	12487
0	5	680	2679	15767	14720
0	5	681	6707	15910	15806
0	5	682	4682	16483	13281
0	5	683	6036	0	1453
0	5	684	4510	0	185
0	5	685	5333	15166	13517
0	5	686	1573	13534	13512
0	5	687	5651	14051	13029
0	5	688	7269	0	1579
0	5	689	1906	0	2397
0	5	690	4574	14119	13132
0	5	691	1294	14125	13888
0	5	692	7833	15927	15741
0	5	693	3860	16011	13788
0	5	694	7683	0	756
0	5	695	129	0	3196
0	5	696	2264	13177	12956
0	5	697	3652	0	145
0	5	698	4517	0	889
0	5	699	7481	0	630
0	5	700	2939	0	3854
0	5	701	7246	16862	12252
0	5	702	967	14132	12970
0	5	703	2962	13473	13387
0	5	704	1736	0	1868
0	5	705	2570	0	966
0	5	706	2238	16148	14787
0	5	707	3572	0	754
0	5	708	8127	16917	13535
0	5	709	8068	15984	14383
0	5	710	5274	17057	14468
0	5	711	6981	0	958
0	5	712	2357	17570	15847
0	5	713	3381	15910	15452
0	5	714	0	0	1694
0	5	715	2095	0	150
0	5	716	5974	15742	14024
0	5	717	7596	14464	14417
0	5	718	6385	0	985
0	5	719	5780	16001	14556
0	5	720	937	0	4436
0	5	721	3933	0	226
0	5	722	2052	15772	15239
0	5	723	6272	0	35
0	5	724	7080	16627	15535
0	5	725	5854	0	1189
0	5	726	847	0	298
0	5	727	1241	15863	14991
0	5	728	6971	0	652
0	5	729	8469	17867	15847
0	5	730	816	16704	13922
0	5	731	4271	15020	13621
0	5	732	4285	0	2069
0	5	733	6484	15962	13917
0	5	734	3451	0	1088
0	5	735	2740	0	1674
0	5	736	2866	14724	13345
0	5	737	6414	16672	15109
0	5	738	1632	0	3051
0	5	739	4736	0	973
0	5	740	1701	0	249
0	5	741	8067	0	814
0	5	742	5741	15789	13841
0	5	743	4287	0	354
0	5	744	2413	16967	15182
0	5	745	6919	15418	13451
0	5	746	3856	0	152
0	5	747	5322	0	2012
0	5	748	455	14719	13959
0	5	749	6137	0	448
0	5	750	4423	0	1314
0	5	751	5361	0	574
0	5	752	2199	0	343
0	5	753	1864	0	951
0	5	754	1703	16269	14679
0	5	755	46	0	1771
0	5	756	145	0	597
0	5	757	5777	14096	12531
0	5	758	7124	0	1668
0	5	759	6425	15232	13627
0	5	760	636	14669	14634
0	5	761	608	0	785
0	5	762	3728	16837	14399
0	5	763	7813	14931	13141
0	5	764	6447	0	1316
0	5	765	1799	0	518
0	5	766	6833	16445	13557
0	5	767	1180	0	505
0	5	768	344	0	3359
0	5	769	7780	14199	13587
0	5	770	7067	15227	14678
0	5	771	3160	16202	13698
0	5	772	3238	0	455
0	5	773	5463	0	84
0	5	774	6290	0	1071
0	5	775	6750	0	1959
0	5	776	7351	0	164
0	5	777	6569	18522	14525
0	5	778	2415	0	2661
0	5	779	2691	0	1524
0	5	780	2536	0	783
0	5	781	1141	15202	11539
0	5	782	5986	0	702
0	5	783	4400	15651	14371
0	5	784	8560	0	1735
0	5	785	6294	14162	13853
0	5	786	1358	17340	14196
0	5	787	7479	0	1973
0	5	788	3355	0	304
0	5	789	3588	14899	13743
0	5	790	7219	74	367
0	5	791	3285	14535	12071
0	5	792	5236	14541	14137
0	5	793	2887	0	2227
0	5	794	2965	14568	14337
0	5	795	4434	0	879
0	5	796	2010	16147	13981
0	5	797	2548	0	742
0	5	798	2916	18046	15371
0	5	799	6469	17141	14990
0	5	800	3628	15687	13650
0	5	801	7340	15968	15169
0	5	802	4698	0	2867
0	5	803	4323	15899	15143
0	5	804	6651	15218	13274
0	5	805	7085	0	1674
0	5	806	8120	0	377
0	5	807	7564	17449	12680
0	5	808	1741	16259	14704
0	5	809	1592	0	1162
0	5	810	233	15324	14591
0	5	811	1246	0	812
0	5	812	2412	0	610
0	5	813	4612	0	1993
0	5	814	1400	0	1485
0	5	815	6170	16923	16775
0	5	816	6431	17423	15598
0	5	817	8415	16827	15229
0	5	818	6974	16282	14238
0	5	819	2487	0	31
0	5	820	3596	0	1021
0	5	821	8154	0	1820
0	5	822	4869	14707	13109
0	5	823	6638	0	14957
0	6	0	5056	0	723
0	6	1	1861	0	1436
0	6	2	100	0	2223
0	6	3	7655	13889	13821
0	6	4	3245	14410	13564
0	6	5	5901	0	2578
0	6	6	3823	0	1096
0	6	7	6570	17584	15548
0	6	8	8273	16260	13229
0	6	9	2997	0	1556
0	6	10	476	0	107
0	6	11	5515	0	1628
0	6	12	6758	14317	11562
0	6	13	7742	15683	14084
0	6	14	820	15797	13922
0	6	15	800	14742	13387
0	6	16	6912	0	860
0	6	17	1513	0	625
0	6	18	2664	0	325
0	6	19	5460	17218	14675
0	6	20	276	0	3231
0	6	21	4568	0	135
0	6	22	1776	0	1883
0	6	23	1354	16400	13141
0	6	24	7211	14594	13502
0	6	25	5014	15149	14678
0	6	26	7172	15342	13771
0	6	27	4470	14852	13961
0	6	28	2322	15681	15556
0	6	29	3819	17512	13319
0	6	30	4078	0	209
0	6	31	7846	15490	14966
0	6	32	6938	0	1636
0	6	33	7772	0	609
0	6	34	215	0	1212
0	6	35	2150	17706	15376
0	6	36	7695	15652	13957
0	6	37	1277	0	1026
0	6	38	696	0	271
0	6	39	543	15789	15061
0	6	40	3677	15563	14808
0	6	41	2353	0	247
0	6	42	8219	14986	14563
0	6	43	5045	17515	14711
0	6	44	3540	0	2550
0	6	45	109	14922	13599
0	6	46	4001	0	1358
0	6	47	4815	14553	12657
0	6	48	6103	13094	12092
0	6	49	514	0	718
0	6	50	3115	14301	13340
0	6	51	2889	15009	14494
0	6	52	645	15219	13939
0	6	53	1681	17054	11075
0	6	54	8503	18270	16226
0	6	55	7872	17002	15952
0	6	56	7470	0	2153
0	6	57	5813	0	41
0	6	58	448	17254	16949
0	6	59	991	0	6446
0	6	60	1085	0	2237
0	6	61	2582	0	1206
0	6	62	1517	0	3973
0	6	63	354	14758	13388
0	6	64	4871	0	718
0	6	65	6920	0	1381
0	6	66	4167	0	774
0	6	67	7482	16088	14911
0	6	68	568	16890	13125
0	6	69	3085	0	371
0	6	70	6504	0	7354
0	6	71	5678	14934	13721
0	6	72	5671	14924	13684
0	6	73	1586	14098	13789
0	6	74	7762	0	434
0	6	75	1232	0	903
0	6	76	445	0	1572
0	6	77	5972	0	549
0	6	78	4328	0	1056
0	6	79	5229	0	3327
0	6	80	8279	0	347
0	6	81	1024	14723	13841
0	6	82	7981	13948	13925
0	6	83	6235	14179	13442
0	6	84	3752	0	308
0	6	85	3055	17927	13776
0	6	86	7360	0	1704
0	6	87	4165	15497	13585
0	6	88	3380	14415	13845
0	6	89	8348	13981	12682
0	6	90	350	17289	14030
0	6	91	5084	15763	13534
0	6	92	8440	0	454
0	6	93	6717	15838	13282
0	6	94	3559	0	336
0	6	95	3314	0	404
0	6	96	8239	0	407
0	6	97	3305	0	1742
0	6	98	6242	14372	13392
0	6	99	4860	0	733
0	6	100	542	16281	12846
0	6	101	5914	15715	13837
0	6	102	4836	17509	14501
0	6	103	6743	15175	14450
0	6	104	4483	17469	14346
0	6	105	8416	17008	13805
0	6	106	6694	14127	13043
0	6	107	2720	13677	13270
0	6	108	2380	0	1144
0	6	109	3637	14641	14515
0	6	110	28	16505	15689
0	6	111	6019	17481	15012
0	6	112	5068	0	440
0	6	113	1974	0	25
0	6	114	202	15704	15285
0	6	115	1504	17766	15783
0	6	116	631	0	347
0	6	117	495	17024	14120
0	6	118	357	14609	14351
0	6	119	3394	15986	12858
0	6	120	1405	0	1071
0	6	121	7893	13133	12260
0	6	122	1244	17246	16503
0	6	123	1916	17238	15765
0	6	124	2642	0	3582
0	6	125	6686	14645	14437
0	6	126	1978	0	1446
0	6	127	3548	19041	15225
0	6	128	452	0	1534
0	6	129	8243	0	2081
0	6	130	2446	0	873
0	6	131	7483	15843	12825
0	6	132	1419	14689	14565
0	6	133	1615	15073	12765
0	6	134	766	0	105
0	6	135	1719	15096	14869
0	6	136	2579	0	1751
0	6	137	1805	0	1496
0	6	138	3530	0	898
0	6	139	5905	0	1427
0	6	140	1026	17308	13630
0	6	141	6808	15016	12361
0	6	142	5788	0	514
0	6	143	3916	0	578
0	6	144	3263	0	4086
0	6	145	2696	0	965
0	6	146	2593	0	2551
0	6	147	4525	0	1616
0	6	148	2103	0	1629
0	6	149	7627	16379	14945
0	6	150	7786	0	334
0	6	151	5264	0	1155
0	6	152	6342	0	823
0	6	153	2075	16058	14581
0	6	154	526	15427	13917
0	6	155	6718	14120	13743
0	6	156	333	0	3209
0	6	157	7469	0	3784
0	6	158	5941	14277	13957
0	6	159	5058	17242	16505
0	6	160	8144	0	3550
0	6	161	5836	14885	11702
0	6	162	6393	0	2337
0	6	163	7673	16020	15220
0	6	164	6980	15308	14193
0	6	165	7311	0	2560
0	6	166	5859	0	1154
0	6	167	5732	0	5521
0	6	168	6402	0	2447
0	6	169	809	14203	13371
0	6	170	5758	0	1074
0	6	171	43	0	1716
0	6	172	8343	13337	13283
0	6	173	1514	0	451
0	6	174	405	0	3059
0	6	175	2348	0	2966
0	6	176	5103	15078	13895
0	6	177	4292	0	1337
0	6	178	6852	15206	14005
0	6	179	4767	0	1115
0	6	180	8572	0	1143
0	6	181	6859	15372	13474
0	6	182	724	0	2675
0	6	183	3611	17762	14489
0	6	184	2936	0	47
0	6	185	3841	0	868
0	6	186	5242	16114	16055
0	6	187	6968	16714	15654
0	6	188	1079	0	354
0	6	189	3221	0	5009
0	6	190	8497	14436	13043
0	6	191	622	0	2736
0	6	192	1461	15489	13767
0	6	193	229	15471	14524
0	6	194	1283	0	671
0	6	195	5403	0	300
0	6	196	7294	0	293
0	6	197	5410	16759	13286
0	6	198	3146	13428	12870
0	6	199	3067	14707	14124
0	6	200	2954	0	738
0	6	201	2327	15676	13623
0	6	202	7975	16090	13696
0	6	203	6075	0	90
0	6	204	848	15469	14020
0	6	205	4350	0	1704
0	6	206	6799	0	114
0	6	207	2717	0	1526
0	6	208	5727	0	2136
0	6	209	6018	14730	14291
0	6	210	3369	14832	11724
0	6	211	2179	14178	13757
0	6	212	6454	0	239
0	6	213	1922	0	1183
0	6	214	2624	16045	15250
0	6	215	5302	0	2161
0	6	216	5406	0	714
0	6	217	3167	16787	12044
0	6	218	3948	0	2953
0	6	219	2321	15249	13510
0	6	220	3587	0	1194
0	6	221	6053	16510	14179
0	6	222	3319	17595	14667
0	6	223	5659	15908	11132
0	6	224	2151	0	2382
0	6	225	260	15539	14632
0	6	226	1378	16339	15933
0	6	227	4410	0	3830
0	6	228	7392	13898	13622
0	6	229	3013	0	2404
0	6	230	1634	0	3350
0	6	231	8193	15346	14954
0	6	232	6740	16373	13802
0	6	233	2849	15298	14582
0	6	234	1927	18259	14782
0	6	235	7723	0	2522
0	6	236	1221	13667	13242
0	6	237	7043	0	2753
0	6	238	5360	0	1131
0	6	239	6445	16273	14391
0	6	240	4417	14678	14557
0	6	241	4822	0	4419
0	6	242	2512	14374	13463
0	6	243	8133	14207	13065
0	6	244	8312	14301	12717
0	6	245	7440	15635	14957
0	6	246	317	15616	15544
0	6	247	6287	16224	15366
0	6	248	8476	15500	13951
0	6	249	2493	0	21
0	6	250	3149	16150	13863
0	6	251	4859	0	206
0	6	252	6618	14377	12045
0	6	253	6804	0	177
0	6	254	1538	13940	13311
0	6	255	4178	0	1226
0	6	256	6848	17475	16770
0	6	257	5662	0	2924
0	6	258	7973	14260	13473
0	6	259	7565	0	141
0	6	260	852	0	3628
0	6	261	1790	0	755
0	6	262	1726	0	884
0	6	263	2227	15539	15340
0	6	264	5497	17603	16228
0	6	265	5215	16899	14900
0	6	266	6372	0	2256
0	6	267	7862	0	643
0	6	268	360	0	2025
0	6	269	667	0	307
0	6	270	2959	0	105
0	6	271	8182	0	499
0	6	272	8333	0	1260
0	6	273	5748	0	1832
0	6	274	7948	0	4124
0	6	275	5066	0	777
0	6	276	7171	0	1693
0	6	277	3416	0	2398
0	6	278	5666	14681	14046
0	6	279	5543	0	368
0	6	280	3999	17445	14198
0	6	281	8344	15124	14781
0	6	282	715	16670	10861
0	6	283	5134	0	1623
0	6	284	862	13902	12524
0	6	285	2018	0	1451
0	6	286	7138	15638	13843
0	6	287	4981	0	300
0	6	288	975	14491	14336
0	6	289	3199	0	427
0	6	290	5889	0	757
0	6	291	8034	0	476
0	6	292	3296	0	3336
0	6	293	324	15659	14535
0	6	294	4217	16361	15161
0	6	295	4729	0	168
0	6	296	7195	0	1792
0	6	297	691	0	3963
0	6	298	5374	14055	13643
0	6	299	5246	0	611
0	6	300	1555	0	329
0	6	301	3383	14951	13960
0	6	302	4874	15025	14833
0	6	303	1659	15363	14633
0	6	304	2022	15048	15014
0	6	305	5475	15908	15234
0	6	306	2011	0	3683
0	6	307	3816	13835	13604
0	6	308	3619	0	3481
0	6	309	1567	13960	13069
0	6	310	8066	0	1429
0	6	311	4845	15680	14346
0	6	312	4092	0	2041
0	6	313	4113	0	119
0	6	314	135	0	2546
0	6	315	3570	13963	11713
0	6	316	7891	0	1470
0	6	317	7386	13572	12790
0	6	318	1347	0	552
0	6	319	6515	0	712
0	6	320	7713	13473	12608
0	6	321	851	0	1270
0	6	322	6200	0	514
0	6	323	2091	14032	13959
0	6	324	1979	14080	12562
0	6	325	6635	0	678
0	6	326	1847	14551	12524
0	6	327	2503	0	605
0	6	328	3794	0	1135
0	6	329	406	15930	15763
0	6	330	4878	0	606
0	6	331	1427	0	2517
0	6	332	5505	0	3078
0	6	333	7068	15723	13528
0	6	334	2038	0	846
0	6	335	3426	0	3575
0	6	336	5061	0	61
0	6	337	4896	0	915
0	6	338	6263	0	1483
0	6	339	3835	14783	13072
0	6	340	7517	0	380
0	6	341	5996	0	520
0	6	342	1476	15867	14358
0	6	343	6685	0	1050
0	6	344	6416	13553	11334
0	6	345	3526	15478	14940
0	6	346	2035	0	703
0	6	347	2369	0	1981
0	6	348	5231	0	2281
0	6	349	2479	17705	14568
0	6	350	6360	16020	12620
0	6	351	1101	0	2332
0	6	352	6605	16396	15834
0	6	353	4688	0	1889
0	6	354	4176	0	4061
0	6	355	2425	13611	13155
0	6	356	8566	14918	14289
0	6	357	3920	15398	13632
0	6	358	3183	0	1252
0	6	359	1493	14718	14087
0	6	360	5782	16433	13938
0	6	361	3582	16651	14612
0	6	362	1434	0	556
0	6	363	4428	16120	14437
0	6	364	3547	16228	14714
0	6	365	5614	0	1640
0	6	366	1993	16831	12484
0	6	367	1562	0	414
0	6	368	3981	0	713
0	6	369	1715	14440	9801
0	6	370	8208	15340	14402
0	6	371	1065	15125	14722
0	6	372	7232	0	215
0	6	373	3466	15588	13470
0	6	374	3877	0	3603
0	6	375	5686	14138	13566
0	6	376	4544	16074	14938
0	6	377	951	16242	15473
0	6	378	4269	0	2357
0	6	379	1165	0	189
0	6	380	7057	15336	14085
0	6	381	4334	17363	14002
0	6	382	5886	0	6011
0	6	383	5622	0	15836
0	7	0	2195	17678	14675
0	7	1	6637	0	2236
0	7	2	6552	13400	13214
0	7	3	5890	0	242
0	7	4	4070	14807	14003
0	7	5	4216	0	1465
0	7	6	2048	13994	13782
0	7	7	911	17132	16219
0	7	8	6102	0	470
0	7	9	2186	16791	15142
0	7	10	4693	16485	14436
0	7	11	4244	0	1888
0	7	12	1748	0	18
0	7	13	7077	14791	14601
0	7	14	5600	0	1204
0	7	15	2813	15556	15100
0	7	16	4765	16894	13859
0	7	17	7808	0	1690
0	7	18	5699	0	4272
0	7	19	2614	18168	12505
0	7	20	3499	0	1925
0	7	21	7368	13794	13513
0	7	22	3308	0	1894
0	7	23	6551	0	2265
0	7	24	2355	0	608
0	7	25	790	0	2531
0	7	26	5962	17714	17451
0	7	27	1176	0	684
0	7	28	2821	0	2192
0	7	29	172	0	3548
0	7	30	589	14724	14000
0	7	31	8266	14781	14183
0	7	32	775	16247	15272
0	7	33	1496	0	456
0	7	34	4953	16156	14208
0	7	35	5995	0	2862
0	7	36	7581	16095	15749
0	7	37	6132	16632	14686
0	7	38	4656	14970	13180
0	7	39	3087	13210	11896
0	7	40	5707	0	415
0	7	41	2315	0	3412
0	7	42	583	18332	15919
0	7	43	4180	0	2145
0	7	44	2893	17398	17211
0	7	45	300	0	2218
0	7	46	678	15992	15234
0	7	47	2139	15766	15703
0	7	48	4196	15826	13291
0	7	49	6653	16814	16022
0	7	50	6185	17146	16381
0	7	51	3826	16398	15223
0	7	52	7331	16372	15422
0	7	53	632	0	2017
0	7	54	8140	15666	13310
0	7	55	8069	14887	13419
0	7	56	8417	0	606
0	7	57	2631	16333	13753
0	7	58	6579	0	727
0	7	59	5088	0	142
0	7	60	5762	14400	13674
0	7	61	4039	0	962
0	7	62	1689	0	1121
0	7	63	502	14918	12831
0	7	64	3134	0	970
0	7	65	3974	15388	14058
0	7	66	8464	0	642
0	7	67	5418	17994	14587
0	7	68	6335	0	2715
0	7	69	4521	0	2025
0	7	70	2843	0	3743
0	7	71	3478	15190	13162
0	7	72	5269	15715	12096
0	7	73	4494	13662	13627
0	7	74	548	0	3019
0	7	75	6245	0	2359
0	7	76	965	0	2689
0	7	77	7785	15314	15238
0	7	78	672	0	3899
0	7	79	4778	16608	14116
0	7	80	674	0	2568
0	7	81	7578	15442	14686
0	7	82	6404	15895	15654
0	7	83	5540	0	3238
0	7	84	8575	16503	14083
0	7	85	1404	0	1818
0	7	86	4507	14658	13024
0	7	87	6390	13539	13412
0	7	88	249	0	363
0	7	89	24	16280	13985
0	7	90	3990	15323	13859
0	7	91	8288	14905	14802
0	7	92	3465	0	616
0	7	93	8507	0	2356
0	7	94	3316	0	3232
0	7	95	7842	0	1057
0	7	96	4985	0	1517
0	7	97	2732	0	72
0	7	98	4804	0	331
0	7	99	2792	15829	13798
0	7	100	6585	0	1137
0	7	101	5742	0	602
0	7	102	3750	0	776
0	7	103	3893	0	2807
0	7	104	2314	0	365
0	7	105	1313	15727	14040
0	7	106	2189	0	1400
0	7	107	6451	0	4321
0	7	108	7599	0	759
0	7	109	5607	15001	13826
0	7	110	8538	0	410
0	7	111	6219	0	1535
0	7	112	3918	15679	14699
0	7	113	4811	0	2246
0	7	114	860	16660	13689
0	7	115	5328	15147	14058
0	7	116	8258	0	1049
0	7	117	2180	0	2421
0	7	118	1794	16113	13057
0	7	119	4029	0	683
0	7	120	7475	0	424
0	7	121	2713	16471	14247
0	7	122	3725	0	1941
0	7	123	4838	17423	14989
0	7	124	6893	0	538
0	7	125	7733	16236	15897
0	7	126	6814	0	2302
0	7	127	2641	0	1124
0	7	128	5372	0	424
0	7	129	6855	0	1408
0	7	130	7287	0	716
0	7	131	4549	15232	13496
0	7	132	4887	0	2750
0	7	133	383	0	1617
0	7	134	8230	14352	12148
0	7	135	3469	16530	14333
0	7	136	7052	0	2272
0	7	137	5553	0	1685
0	7	138	1044	15566	14557
0	7	139	113	14711	14506
0	7	140	3574	0	1577
0	7	141	4094	15851	13896
0	7	142	8320	0	688
0	7	143	4627	0	690
0	7	144	3508	0	726
0	7	145	393	14652	13529
0	7	146	1883	13567	13506
0	7	147	2482	0	648
0	7	148	8443	15376	13763
0	7	149	6136	14675	14028
0	7	150	4045	15965	12500
0	7	151	125	0	657
0	7	152	4074	15466	14884
0	7	153	2778	0	3401
0	7	154	3621	15176	14853
0	7	155	6171	15203	13456
0	7	156	4748	0	821
0	7	157	2111	0	1553
0	7	158	641	0	2577
0	7	159	1536	17429	15252
0	7	160	4999	15389	13862
0	7	161	3171	0	2261
0	7	162	8419	0	336
0	7	163	2371	14788	14397
0	7	164	2375	0	943
0	7	165	3524	14617	14593
0	7	166	604	14634	14031
0	7	167	7907	0	2633
0	7	168	2565	17139	13701
0	7	169	6340	16764	16483
0	7	170	1219	16662	15861
0	7	171	1432	17086	13947
0	7	172	5298	18673	13889
0	7	173	3399	14369	13533
0	7	174	6031	15510	13812
0	7	175	6223	14317	12877
0	7	176	943	15338	13441
0	7	177	2440	14641	14318
0	7	178	3518	0	353
0	7	179	7131	17388	13505
0	7	180	4280	13758	12517
0	7	181	6030	0	2419
0	7	182	5047	14755	14537
0	7	183	95	0	253
0	7	184	6858	14679	13927
0	7	185	4635	0	1139
0	7	186	7274	17141	16101
0	7	187	7684	17206	15052
0	7	188	6777	0	3165
0	7	189	379	13959	13059
0	7	190	488	0	430
0	7	191	5649	14073	12263
0	7	192	8577	0	337
0	7	193	5466	0	371
0	7	194	8100	16301	13857
0	7	195	2869	13907	13627
0	7	196	3803	15821	14642
0	7	197	1115	16000	13431
0	7	198	6689	0	890
0	7	199	4564	0	596
0	7	200	7236	0	2961
0	7	201	6769	0	567
0	7	202	4903	14972	13549
0	7	203	8176	0	1460
0	7	204	1098	16213	14386
0	7	205	3177	0	3628
0	7	206	5005	0	154
0	7	207	7716	16779	15275
0	7	208	4597	0	2600
0	7	209	8199	0	4490
0	7	210	6783	0	715
0	7	211	18	16030	14742
0	7	212	3646	15159	13608
0	7	213	4004	17146	16394
0	7	214	8324	17186	16179
0	7	215	3130	0	4732
0	7	216	5459	0	829
0	7	217	7850	0	106
0	7	218	1588	17388	14301
0	7	219	7464	16181	15032
0	7	220	8537	0	1028
0	7	221	6014	0	1804
0	7	222	1768	16870	14730
0	7	223	7422	0	3820
0	7	224	8603	0	1600
0	7	225	966	0	1530
0	7	226	1143	0	1756
0	7	227	8546	15247	15088
0	7	228	2231	15954	13660
0	7	229	2597	16368	14245
0	7	230	7147	16468	14611
0	7	231	377	0	513
0	7	232	4620	17272	14691
0	7	233	8212	0	891
0	7	234	3490	17096	13285
0	7	235	163	0	1467
0	7	236	1282	16693	14965
0	7	237	8556	17573	15081
0	7	238	6500	0	2490
0	7	239	1485	15395	14588
0	7	240	6249	16458	13822
0	7	241	4100	14614	13921
0	7	242	3300	0	293
0	7	243	6519	14642	13567
0	7	244	6486	14207	14127
0	7	245	3863	14443	10760
0	7	246	1671	0	1439
0	7	247	4756	13217	12321
0	7	248	4062	12982	12364
0	7	249	4276	0	604
0	7	250	2219	0	846
0	7	251	1695	0	302
0	7	252	6025	0	375
0	7	253	5225	0	3056
0	7	254	1731	0	38
0	7	255	562	17461	14756
0	7	256	1848	16888	15908
0	7	257	7442	0	1310
0	7	258	1238	0	1414
0	7	259	3424	15781	14438
0	7	260	7647	0	706
0	7	261	4962	14194	13446
0	7	262	388	14359	12957
0	7	263	2521	0	2250
0	7	264	4661	14356	14337
0	7	265	5516	0	2021
0	7	266	178	16801	13936
0	7	267	2677	0	2733
0	7	268	590	13819	13078
0	7	269	8252	0	1389
0	7	270	781	0	438
0	7	271	3673	0	1731
0	7	272	2372	15344	14317
0	7	273	5385	15000	12294
0	7	274	3203	0	2581
0	7	275	5794	15959	15267
0	7	276	4341	15311	15090
0	7	277	7982	15781	14108
0	7	278	3001	17051	14069
0	7	279	1733	0	615
0	7	280	1469	18246	15577
0	7	281	6470	0	545
0	7	282	3690	0	2225
0	7	283	6656	0	6183
0	7	284	122	0	1432
0	7	285	6134	15388	13449
0	7	286	3229	15422	15026
0	7	287	1896	0	849
0	7	288	7899	18149	14446
0	7	289	5596	0	411
0	7	290	3173	14875	14832
0	7	291	5276	0	1325
0	7	292	1664	0	3475
0	7	293	3833	16119	15993
0	7	294	3220	16407	14058
0	7	295	2694	0	504
0	7	296	6890	15091	13572
0	7	297	3799	15872	14881
0	7	298	3767	17488	14642
0	7	299	923	0	670
0	7	300	5471	15552	14292
0	7	301	3521	16159	12889
0	7	302	6126	15883	15725
0	7	303	1972	17535	15367
0	7	304	5489	17907	13842
0	7	305	7626	0	4819
0	7	306	5981	13804	12648
0	7	307	7542	0	4141
0	7	308	7045	0	100
0	7	309	1497	16346	14364
0	7	310	8088	0	401
0	7	311	3972	15511	13977
0	7	312	364	15371	14223
0	7	313	817	14379	13854
0	7	314	1642	0	115
0	7	315	6639	15737	14943
0	7	316	4734	0	2133
0	7	317	7209	0	435
0	7	318	7228	0	2684
0	7	319	5501	0	1662
0	7	320	5902	15474	15228
0	7	321	2359	0	2969
0	7	322	5436	14111	13835
0	7	323	868	0	98
0	7	324	2223	0	1720
0	7	325	1114	0	2084
0	7	326	3335	15049	14358
0	7	327	8021	0	694
0	7	328	4136	17771	16864
0	7	329	3878	0	2118
0	7	330	3535	0	645
0	7	331	7300	0	577
0	7	332	4089	0	3668
0	7	333	3602	14598	12787
0	7	334	4976	14714	13345
0	7	335	2164	13466	13260
0	7	336	3703	17833	15402
0	7	337	5726	0	1660
0	7	338	4436	14465	14171
0	7	339	1788	16584	16402
0	7	340	6267	16558	13415
0	7	341	8200	14945	14190
0	7	342	6802	0	1380
0	7	343	4284	0	2820
0	7	344	3090	0	1721
0	7	345	3889	0	584
0	7	346	102	0	891
0	7	347	6398	14806	14428
0	7	348	961	0	2929
0	7	349	38	16019	13251
0	7	350	1027	14060	11658
0	7	351	3266	13033	12513
0	7	352	2236	0	134
0	7	353	4854	13675	12819
0	7	354	3622	0	929
0	7	355	8291	14410	12314
0	7	356	3848	0	127
0	7	357	8521	17097	16880
0	7	358	5767	17446	12982
0	7	359	5311	13620	13003
0	7	360	6240	0	70
0	7	361	5454	14830	13803
0	7	362	7688	15013	14262
0	7	363	6840	0	2076
0	7	364	3358	0	2692
0	7	365	987	13281	12804
0	7	366	5449	13090	12471
0	7	367	6461	0	635
0	7	368	2564	0	2106
0	7	369	6370	0	559
0	7	370	1915	0	2585
0	7	371	6832	0	1150
0	7	372	6252	0	1484
0	7	373	7182	0	232
0	7	374	1380	0	962
0	7	375	2082	0	369
0	7	376	3595	15932	15014
0	7	377	4366	0	907
0	7	378	6875	16009	15933
0	7	379	4349	0	1851
0	7	380	5720	0	710
0	7	381	5589	15192	14725
0	7	382	8033	15306	11971
0	7	383	3593	0	995
0	7	384	7686	0	757
0	7	385	7913	0	366
0	7	386	5421	15659	14898
0	7	387	1073	0	1593
0	7	388	5738	17027	14060
0	7	389	3960	15785	13977
0	7	390	7426	14240	12477
0	7	391	247	13072	11997
0	7	392	2605	14432	13678
0	7	393	6120	14164	13526
0	7	394	6351	0	2122
0	7	395	2104	15949	15145
0	7	396	6491	15536	14397
0	7	397	1699	0	47
0	7	398	8563	15769	14221
0	7	399	8584	14899	13675
0	7	400	5895	0	1301
0	7	401	8485	15059	13244
0	7	402	139	14292	12612
0	7	403	815	0	204
0	7	404	439	15149	15091
0	7	405	1589	16252	13861
0	7	406	3674	14883	14162
0	7	407	4404	0	45
0	7	408	1022	0	2547
0	7	409	4203	0	4149
0	7	410	1161	15268	14817
0	7	411	8155	0	1178
0	7	412	677	15183	14137
0	7	413	3600	0	996
0	7	414	1648	15445	12627
0	7	415	7919	17143	16222
0	7	416	7399	0	2940
0	7	417	2406	15111	14629
0	7	418	85	17192	15679
0	7	419	737	16548	13540
0	7	420	2484	15541	13101
0	7	421	2917	14579	13654
0	7	422	7010	0	1672
0	7	423	3931	13611	11089
0	7	424	7728	0	350
0	7	425	2147	14724	13327
0	7	426	1991	0	1457
0	7	427	6978	0	1783
0	7	428	4403	15104	13211
0	7	429	2751	0	1495
0	7	430	2787	16101	13674
0	7	431	2850	15303	13647
0	7	432	343	0	558
0	7	433	7720	15260	13893
0	7	434	4735	0	756
0	7	435	1682	0	789
0	7	436	1702	16250	12064
0	7	437	795	13746	13320
0	7	438	1323	15411	14831
0	7	439	7917	17475	15296
0	7	440	7765	15492	14873
0	7	441	8520	15094	14615
0	7	442	6535	0	187
0	7	443	4207	0	1418
0	7	444	2661	0	465
0	7	445	6735	0	5717
0	7	446	4558	13911	11627
0	7	447	3110	16968	15780
0	7	448	2910	17725	16780
0	7	449	4083	0	1219
0	7	450	7606	16403	14773
0	7	451	3546	0	5525
0	7	452	6742	15211	13912
0	7	453	7645	0	160
0	7	454	8240	0	2288
0	7	455	3189	16853	13195
0	7	456	7910	14623	14447
0	7	457	6864	15385	15312
0	7	458	7602	0	1482
0	7	459	6724	0	438
0	7	460	4034	16651	13792
0	7	461	4946	14621	10952
0	7	462	4049	0	236
0	7	463	282	15413	14678
0	7	464	7962	0	1400
0	7	465	5621	0	914
0	7	466	630	0	4365
0	7	467	1667	0	136
0	7	468	3676	0	2490
0	7	469	1096	17488	16405
0	7	470	3423	17164	13093
0	7	471	4600	0	932
0	7	472	5020	0	284
0	7	473	4594	0	2086
0	7	474	4876	0	2243
0	7	475	8148	0	524
0	7	476	918	17675	12594
0	7	477	4036	0	180
0	7	478	8459	13512	13231
0	7	479	4581	0	2298
0	7	480	2174	0	621
0	7	481	3655	0	478
0	7	482	559	0	1776
0	7	483	6418	14039	13913
0	7	484	2760	0	1569
0	7	485	2809	13617	12844
0	7	486	4861	13955	13361
0	7	487	6801	0	228
0	7	488	1097	14754	12637
0	7	489	6867	0	1076
0	7	490	8122	0	447
0	7	491	8059	16232	13024
0	7	492	16	0	1228
0	7	493	837	0	776
0	7	494	1138	0	2102
0	7	495	5286	18392	15042
0	7	496	5332	0	1834
0	7	497	289	0	1553
0	7	498	5157	17280	14249
0	7	499	7898	0	2756
0	7	500	2600	0	1815
0	7	501	2046	0	1001
0	7	502	3019	0	262
0	7	503	2490	0	162
0	7	504	1163	17040	13626
0	7	505	6857	0	653
0	7	506	8064	15765	13833
0	7	507	6055	15386	13413
0	7	508	3571	14230	13280
0	7	509	6487	14818	12942
0	7	510	7696	0	986
0	7	511	5539	15132	14979
0	7	512	3994	15412	13148
0	7	513	2822	15720	13930
0	7	514	8114	0	2563
0	7	515	1455	0	114
0	7	516	8202	14578	13401
0	7	517	6007	0	417
0	7	518	5786	0	2715
0	7	519	8136	0	1524
0	7	520	3716	0	297
0	7	521	6397	16627	15474
0	7	522	5945	17476	16898
0	7	523	1147	0	4147
0	7	524	3375	0	2869
0	7	525	7654	15177	14239
0	7	526	7431	15040	14615
0	7	527	5964	15108	13242
0	7	528	2134	14604	14209
0	7	529	7084	14507	13805
0	7	530	7859	14695	14639
0	7	531	831	15174	13894
0	7	532	47	0	194
0	7	533	3614	0	1072
0	7	534	7503	0	613
0	7	535	552	0	385
0	7	536	4522	14935	14481
0	7	537	6516	0	1993
0	7	538	6111	13472	13380
0	7	539	3790	13988	12913
0	7	540	6553	0	649
0	7	541	3661	16682	14495
0	7	542	8473	0	2042
0	7	543	2470	13949	13918
0	7	544	5417	0	467
0	7	545	5424	13804	12222
0	7	546	883	13205	13097
0	7	547	3433	13777	13459
0	7	548	7058	0	30
0	7	549	4211	0	734
0	7	550	8192	16243	15092
0	7	551	2006	15417	14468
0	7	552	5744	0	1578
0	7	553	6328	15309	14664
0	7	554	7710	0	1260
0	7	555	7703	0	1125
0	7	556	3758	0	527
0	7	557	2259	0	1451
0	7	558	6343	18507	14499
0	7	559	7264	0	1578
0	7	560	1080	16250	14057
0	7	561	7119	16825	14482
0	7	562	348	0	113
0	7	563	5847	17420	13750
0	7	564	6413	0	713
0	7	565	2995	0	638
0	7	566	5849	0	1446
0	7	567	7192	14276	14092
0	7	568	4818	14209	12897
0	7	569	6439	13347	13315
0	7	570	8450	13445	13149
0	7	571	3780	14146	13874
0	7	572	5059	0	1198
0	7	573	271	13546	13340
0	7	574	5988	0	544
0	7	575	1651	14138	13833
0	7	576	2655	15915	13877
0	7	577	3450	14350	13710
0	7	578	4193	14534	13437
0	7	579	5555	14596	14546
0	7	580	3908	15323	11921
0	7	581	3207	14067	13589
0	7	582	6764	0	818
0	7	583	7636	0	4550
0	7	584	1693	0	1886
0	7	585	3210	16048	14309
0	7	586	7372	0	1032
0	7	587	7154	0	219
0	7	588	1890	0	92
0	7	589	3439	0	2413
0	7	590	3923	0	106
0	7	591	5753	0	3938
0	7	592	6862	13867	13692
0	7	593	4482	18567	15784
0	7	594	6037	17692	13796
0	7	595	153	14375	14202
0	7	596	4281	14943	13832
0	7	597	2213	13948	13520
0	7	598	84	14270	12911
0	7	599	6327	14853	13997
0	7	600	5503	0	2665
0	7	601	8472	14718	14353
0	7	602	1559	14955	12043
0	7	603	2827	15913	14762
0	7	604	517	0	2051
0	7	605	6068	0	1775
0	7	606	5904	0	1281
0	7	607	739	0	2585
0	7	608	2731	0	637
0	7	609	5808	0	1463
0	7	610	8412	0	687
0	7	611	239	0	4047
0	7	612	6044	15549	15039
0	7	613	278	15749	13647
0	7	614	1945	0	1380
0	7	615	10	0	3288
0	7	616	1734	14784	14204
0	7	617	1385	0	1305
0	7	618	5330	0	204
0	7	619	7937	13856	13719
0	7	620	7031	0	3272
0	7	621	5277	14599	10902
0	7	622	434	0	1896
0	7	623	722	17559	14409
0	7	624	30	0	562
0	7	625	4922	16238	13686
0	7	626	4446	0	1931
0	7	627	6318	13138	13002
0	7	628	4111	17015	13162
0	7	629	4788	13959	13787
0	7	630	717	0	1525
0	7	631	211	0	476
0	7	632	4329	15250	14665
0	7	633	8210	17271	13718
0	7	634	3534	15147	13897
0	7	635	5165	14018	13995
0	7	636	1362	14398	13703
0	7	637	4746	0	456
0	7	638	5795	0	287
0	7	639	115	16190	12599
0	7	640	1206	0	924
0	7	641	5971	0	16
0	7	642	6660	0	442
0	7	643	7186	0	5402
0	7	644	8013	0	231
0	7	645	5768	14079	13392
0	7	646	5185	0	1433
0	7	647	3818	0	438
0	7	648	2257	12999	12725
0	7	649	8170	13327	12916
0	7	650	2745	0	2023
0	7	651	2043	16233	16020
0	7	652	1421	16074	13700
0	7	653	1646	0	2318
0	7	654	3072	14720	14545
0	7	655	6785	0	1666
0	7	656	2617	13489	13408
0	7	657	4929	13683	11186
0	7	658	3940	0	1398
0	7	659	6850	14868	14099
0	7	660	8099	0	722
0	7	661	3958	0	8785
0	7	662	7738	14777	13736
0	7	663	1409	14935	14682
0	7	664	1239	0	1713
0	7	665	982	13245	13197
0	7	666	7854	0	1469
0	7	667	5562	0	1900
0	7	668	2803	15709	13966
0	7	669	124	14984	13374
0	7	670	3337	15533	14714
0	7	671	1865	0	2602
0	7	672	4884	14823	13443
0	7	673	8531	16994	15688
0	7	674	4481	0	855
0	7	675	4059	15786	14662
0	7	676	7924	0	1987
0	7	677	6092	14341	13756
0	7	678	6939	0	29
0	7	679	1459	16721	15623
0	7	680	2472	15671	14517
0	7	681	6289	16134	15583
0	7	682	3472	16527	13623
0	7	683	8116	16407	13351
0	7	684	5062	0	1593
0	7	685	733	0	1728
0	7	686	261	0	741
0	7	687	3734	14197	12748
0	7	688	6565	0	331
0	7	689	5532	15272	11891
0	7	690	8403	14490	14058
0	7	691	1881	0	1696
0	7	692	2291	0	272
0	7	693	5684	14108	13253
0	7	694	1897	15188	14700
0	7	695	6709	15223	11953
0	7	696	8061	0	2024
0	7	697	1494	14289	13601
0	7	698	1571	0	3026
0	7	699	221	14502	13268
0	7	700	7024	13690	13148
0	7	701	5711	0	1212
0	7	702	7233	0	1235
0	7	703	6410	0	605
0	7	704	141	15405	13764
0	7	705	3879	14409	13533
0	7	706	5881	14098	13272
0	7	707	668	14154	13724
0	7	708	6953	0	1181
0	7	709	4542	0	1369
0	7	710	3276	0	2766
0	7	711	467	13740	13620
0	7	712	5285	0	1783
0	7	713	4191	16562	14637
0	7	714	1929	15505	13790
0	7	715	26	0	1854
0	7	716	6640	0	1135
0	7	717	5925	0	735
0	7	718	2021	0	84
0	7	719	5634	0	1863
0	7	720	6350	15081	13712
0	7	721	3985	0	2281
0	7	722	6843	14464	14249
0	7	723	6495	15513	12784
0	7	724	1057	0	167
0	7	725	6514	14099	12611
0	7	726	7819	14791	14054
0	7	727	6152	14439	14022
0	7	728	2360	0	347
0	7	729	6147	14832	13745
0	7	730	4195	0	506
0	7	731	1227	0	4535
0	7	732	6866	0	1261
0	7	733	1017	0	1617
0	7	734	4010	14194	14175
0	7	735	518	0	359
0	7	736	7378	0	342
0	7	737	2084	17667	15577
0	7	738	7652	0	2501
0	7	739	5172	16226	14848
0	7	740	4629	16718	11668
0	7	741	4057	0	2599
0	7	742	1937	0	59
0	7	743	6477	15731	14653
0	7	744	4813	15819	15394
0	7	745	5677	17607	14796
0	7	746	2896	14834	13664
0	7	747	3122	0	743
0	7	748	8483	18151	14095
0	7	749	5267	15156	14801
0	7	750	5613	0	603
0	7	751	6789	0	769
0	7	752	3005	15310	13464
0	7	753	5959	16362	14553
0	7	754	4361	16517	14736
0	7	755	2540	15057	14916
0	7	756	2972	0	1681
0	7	757	314	18577	14702
0	7	758	8050	0	2427
0	7	759	8205	15266	15036
0	7	760	5667	0	1469
0	7	761	133	15695	14432
0	7	762	6596	17080	15761
0	7	763	7930	0	1000
0	7	764	565	0	1550
0	7	765	992	0	2518
0	7	766	4419	15629	14449
0	7	767	6882	0	336
0	7	768	2070	0	1971
0	7	769	72	15856	12455
0	7	770	1108	0	222
0	7	771	8573	15898	13701
0	7	772	2287	0	1961
0	7	773	5481	0	1012
0	7	774	1826	0	563
0	7	775	4806	17650	15512
0	7	776	8456	15709	15001
0	7	777	2370	0	1138
0	7	778	4801	15881	13504
0	7	779	6421	14133	13593
0	7	780	3551	0	2490
0	7	781	7338	0	2006
0	7	782	1343	16842	14525
0	7	783	1873	0	35
0	7	784	7770	0	967
0	7	785	1540	0	842
0	7	786	403	15133	13934
0	7	787	7515	14736	13938
0	7	788	5719	14327	14033
0	7	789	4498	14330	13441
0	7	790	3307	0	1376
0	7	791	6471	0	80
0	7	792	4830	14708	14678
0	7	793	228	0	2833
0	7	794	4792	14711	14225
0	7	795	4964	0	2064
0	7	796	4355	14060	13481
0	7	797	4727	17598	14500
0	7	798	3967	0	851
0	7	799	5983	16626	15120
0	7	800	5240	16599	15683
0	7	801	4228	16267	15199
0	7	802	777	0	1756
0	7	803	7375	0	1877
0	7	804	8300	0	1508
0	7	805	4527	0	1091
0	7	806	3017	16578	16535
0	7	807	316	0	314
0	7	808	6347	16300	13468
0	7	809	7069	0	1232
0	7	810	7548	14061	13941
0	7	811	5616	0	29
0	7	812	2160	0	3413
0	7	813	8250	14078	13964
0	7	814	7414	14090	13769
0	7	815	6530	16460	15670
0	7	816	1716	0	4728
0	7	817	7991	14642	13575
0	7	818	1055	15723	14971
0	7	819	1031	15199	14166
0	7	820	6899	14567	13208
0	7	821	6430	0	1262
0	7	822	4941	0	2155
0	7	823	693	0	2036
0	7	824	1187	0	1180
0	7	825	3227	0	2169
0	7	826	901	14343	13203
0	7	827	3569	0	349
0	7	828	1016	14551	14178
0	7	829	865	0	936
0	7	830	6459	0	2657
0	7	831	1584	13721	13669
0	7	832	4450	0	971
0	7	833	2148	0	856
0	7	834	2404	15312	14101
0	7	835	8332	0	4318
0	7	836	8005	13670	13468
0	7	837	7550	0	2599
0	7	838	433	14639	14391
0	7	839	2797	0	2982
0	7	840	5547	14532	13025
0	7	841	401	13656	11914
0	7	842	6575	16204	15642
0	7	843	6061	0	3353
0	7	844	3895	15554	0
0	8	0	5086	0	518
0	8	1	2422	15985	14721
0	8	2	1925	0	923
0	8	3	931	0	1053
0	8	4	8404	0	1777
0	8	5	89	15324	14755
0	8	6	857	16631	15399
0	8	7	3290	0	2400
0	8	8	5402	15401	13046
0	8	9	3156	0	2586
0	8	10	7584	15495	13748
0	8	11	5576	0	1801
0	8	12	8501	0	189
0	8	13	599	14902	14701
0	8	14	6869	0	1514
0	8	15	4139	13848	13106
0	8	16	2308	15704	15507
0	8	17	7114	0	1986
0	8	18	1081	0	2659
0	8	19	5343	0	689
0	8	20	3084	16129	15673
0	8	21	511	0	2941
0	8	22	6452	0	1773
0	8	23	19	0	402
0	8	24	4696	0	2928
0	8	25	3267	16677	15168
0	8	26	3081	0	2013
0	8	27	1713	14607	13405
0	8	28	1791	17123	14628
0	8	29	6940	15199	13863
0	8	30	3216	15014	14601
0	8	31	8455	0	1891
0	8	32	7266	16411	16136
0	8	33	4731	0	3519
0	8	34	4955	14809	14043
0	8	35	3088	14441	13815
0	8	36	3861	0	3765
0	8	37	7265	0	2324
0	8	38	7421	16917	14794
0	8	39	7093	16435	14151
0	8	40	3349	0	1761
0	8	41	8094	0	2357
0	8	42	5826	0	3731
0	8	43	934	0	270
0	8	44	288	0	3168
0	8	45	5625	0	1672
0	8	46	2339	0	2063
0	8	47	3839	13909	13785
0	8	48	6721	13966	13766
0	8	49	711	0	506
0	8	50	2865	16932	13996
0	8	51	4395	15024	13225
0	8	52	5852	0	1402
0	8	53	8596	0	403
0	8	54	4694	0	721
0	8	55	7301	15754	13546
0	8	56	6317	16909	16158
0	8	57	7731	16471	16110
0	8	58	7468	17702	15762
0	8	59	2465	16563	15033
0	8	60	1509	15805	13797
0	8	61	2571	0	2868
0	8	62	4554	0	93
0	8	63	2302	17866	16723
0	8	64	2608	17376	15314
0	8	65	2319	15804	13785
0	8	66	1160	15912	15194
0	8	67	3991	0	2600
0	8	68	3532	14575	12915
0	8	69	7885	16368	12363
0	8	70	7566	12972	12874
0	8	71	8251	0	847
0	8	72	6726	0	2452
0	8	73	6713	18243	15423
0	8	74	3403	15639	13519
0	8	75	8405	14241	10865
0	8	76	947	14425	12769
0	8	77	8557	0	1076
0	8	78	894	15449	13267
0	8	79	2793	14071	13954
0	8	80	3002	17807	13762
0	8	81	4864	14763	13133
0	8	82	8368	0	1428
0	8	83	8467	0	1048
0	8	84	1781	13813	13127
0	8	85	5218	0	4984
0	8	86	130	0	282
0	8	87	7126	16731	14690
0	8	88	913	15574	12579
0	8	89	1144	0	859
0	8	90	4179	0	4759
0	8	91	7706	13864	0
0	9	0	2756	14883	12522
0	9	1	5723	0	4106
0	9	2	4402	15725	12622
0	9	3	5083	15176	0
0	10	0	7175	15902	14755
0	10	1	2761	15790	14747
0	10	2	6679	0	3729
0	10	3	3814	16425	15147
0	10	4	4636	0	2590
0	10	5	4086	0	1086
0	10	6	6824	0	115
0	10	7	7320	16252	14807
0	10	8	1895	16360	16014
0	10	9	7956	16750	16495
0	10	10	8304	0	2353
0	10	11	7071	15600	13951
0	10	12	1324	16213	14380
0	10	13	6179	0	2283
0	10	14	159	16532	14281
0	10	15	1639	0	2593
0	10	16	4571	0	902
0	10	17	176	14669	14123
0	10	18	6143	14155	13530
0	10	19	3073	0	363
0	10	20	2182	0	4372
0	10	21	5021	13259	12485
0	10	22	7873	0	1012
0	10	23	6745	13376	13286
0	10	24	1909	0	51
0	10	25	4235	0	344
0	10	26	4273	18095	17208
0	10	27	3047	0	2486
0	10	28	7572	15926	13113
0	10	29	5948	0	311
0	10	30	1029	0	1726
0	10	31	5041	0	2972
0	10	32	2276	0	1329
0	10	33	8052	16123	15880
0	10	34	4367	0	1617
0	10	35	5783	0	978
0	10	36	6221	18263	15916
0	10	37	1166	16342	14521
0	10	38	3155	0	1916
0	10	39	6603	0	2194
0	10	40	2875	0	848
0	10	41	2963	13382	13115
0	10	42	56	13693	12287
0	10	43	633	14904	14287
0	10	44	4541	15040	13017
0	10	45	7653	15403	14494
0	10	46	3876	0	229
0	10	47	3445	0	1534
0	10	48	2089	0	2699
0	10	49	7810	17049	14847
0	10	50	2925	15556	14103
0	10	51	1660	0	47
0	10	52	2817	15722	12948
0	10	53	5891	14623	14382
0	10	54	2268	15439	13973
0	10	55	1414	15391	15368
0	10	56	5429	15581	15459
0	10	57	1350	15528	13994
0	10	58	1829	0	2648
0	10	59	4242	14548	14472
0	10	60	7782	0	736
0	10	61	4858	0	2462
0	10	62	5296	0	2079
0	10	63	81	0	2582
0	10	64	7335	14195	14132
0	10	65	1352	16653	12183
0	10	66	5291	13252	12206
0	10	67	5653	13925	13608
0	10	68	196	0	1739
0	10	69	1007	14732	13927
0	10	70	7201	0	1095
0	10	71	2728	17223	15298
0	10	72	757	0	1812
0	10	73	2384	15360	13503
0	10	74	7026	13722	12924
0	10	75	6634	0	3410
0	10	76	5861	16918	14905
0	10	77	6308	15680	14167
0	10	78	1250	15605	15396
0	10	79	3942	15802	14950
0	10	80	1366	0	902
0	10	81	1245	0	1281
0	10	82	4311	0	2906
0	10	83	3225	14623	13930
0	10	84	3754	14229	14192
0	10	85	4562	14301	14149
0	10	86	5637	0	1135
0	10	87	4663	15520	12517
0	10	88	4915	0	1047
0	10	89	2117	0	2588
0	10	90	1420	0	2003
0	10	91	3989	0	609
0	10	92	5657	0	887
0	10	93	8366	13298	13115
0	10	94	7714	0	1526
0	10	95	157	14129	13960
0	10	96	3950	14221	13888
0	10	97	5772	0	2764
0	10	98	2004	14984	14740
0	10	99	1793	0	2882
0	10	100	2909	16904	12833
0	10	101	1450	0	57
0	10	102	1248	15379	13738
0	10	103	3431	14599	11180
0	10	104	6298	14961	14222
0	10	105	2956	0	944
0	10	106	1365	0	3579
0	10	107	5060	0	998
0	10	108	7109	0	1799
0	10	109	3702	15479	13976
0	10	110	7202	14159	12305
0	10	111	2015	0	259
0	10	112	8524	15847	13541
0	10	113	744	16866	15347
0	10	114	58	0	398
0	10	115	2229	0	2014
0	10	116	3228	0	1922
0	10	117	188	15292	13074
0	10	118	4870	0	1482
0	10	119	3334	15721	14495
0	10	120	7477	0	2378
0	10	121	1379	0	3555
0	10	122	4085	16349	14717
0	10	123	1631	0	1756
0	10	124	4670	16479	15607
0	10	125	7597	0	2960
0	10	126	2119	13896	13796
0	10	127	3178	16482	13896
0	10	128	7881	13985	13761
0	10	129	99	15898	15521
0	10	130	756	15760	15139
0	10	131	3608	0	809
0	10	132	299	15973	12856
0	10	133	2473	0	1379
0	10	134	465	0	1091
0	10	135	2546	0	2782
0	10	136	5591	14442	13875
0	10	137	1936	15216	11462
0	10	138	5464	14804	13417
0	10	139	6795	14627	13898
0	10	140	8060	0	109
0	10	141	1737	15562	14656
0	10	142	3279	0	606
0	10	143	4780	0	1798
0	10	144	3651	0	2126
0	10	145	3462	0	1590
0	10	146	5888	0	2411
0	10	147	6466	14118	14029
0	10	148	8134	0	1539
0	10	149	7942	17264	16112
0	10	150	6377	17923	16405
0	10	151	173	0	523
0	10	152	4988	0	1732
0	10	153	838	0	3727
0	10	154	3786	0	592
0	10	155	5601	14868	12787
0	10	156	1226	15462	13313
0	10	157	2836	14944	14126
0	10	158	6391	15598	13072
0	10	159	5632	0	1718
0	10	160	4101	16088	14327
0	10	161	1950	0	864
0	10	162	682	0	1030
0	10	163	7166	14559	14197
0	10	164	5415	0	819
0	10	165	6277	0	512
0	10	166	4076	14144	13351
0	10	167	6688	13713	13382
0	10	168	3901	0	2606
0	10	169	8073	0	456
0	10	170	2188	0	2462
0	10	171	8511	15689	12991
0	10	172	4906	0	676
0	10	173	1947	15516	14024
0	10	174	6812	0	167
0	10	175	4172	14863	14392
0	10	176	3298	15761	14014
0	10	177	6095	0	1438
0	10	178	7306	0	3499
0	10	179	4893	15783	12939
0	10	180	76	14118	12552
0	10	181	3328	0	835
0	10	182	829	0	3284
0	10	183	279	0	692
0	10	184	5924	0	369
0	10	185	6220	0	1678
0	10	186	7112	0	3235
0	10	187	2656	0	453
0	10	188	8036	0	1420
0	10	189	8391	0	50
0	10	190	4781	17681	12727
0	10	191	6716	15311	14171
0	10	192	4126	0	3699
0	10	193	7498	0	4062
0	10	194	6419	0	70
0	10	195	5483	14802	12922
0	10	196	3774	0	3044
0	10	197	8432	0	2548
0	10	198	4056	0	1771
0	10	199	3343	0	900
0	10	200	1722	14228	13820
0	10	201	5007	13888	12046
0	10	202	5181	13961	13935
0	10	203	524	0	1963
0	10	204	7951	0	1625
0	10	205	6124	0	3780
0	10	206	4963	0	539
0	10	207	4397	19164	17090
0	10	208	8582	17351	0
0	11	0	3125	16137	15221
0	11	1	7902	0	4842
0	11	2	7462	0	4570
0	11	3	2005	0	400
0	11	4	3392	0	77
0	11	5	5635	14909	14352
0	11	6	5958	0	574
0	11	7	6977	14735	13495
0	11	8	6259	13646	12723
0	11	9	7354	13223	12316
0	11	10	7073	0	128
0	11	11	7281	0	1018
0	11	12	4282	15402	14384
0	11	13	2225	16348	14141
0	11	14	4300	0	1249
0	11	15	8104	14671	13144
0	11	16	1995	0	467
0	11	17	1928	0	3105
0	11	18	5750	0	3658
0	11	19	2704	15854	15637
0	11	20	8502	0	951
0	11	21	6889	0	2469
0	11	22	2457	0	1808
0	11	23	2585	0	124
0	11	24	8549	0	865
0	11	25	5173	16247	0
0	12	0	4153	15571	15157
0	12	1	3468	15313	12577
0	12	2	4718	0	384
0	12	3	5369	17107	14023
0	12	4	6376	0	14919
0	13	0	8023	0	1405
0	13	1	3717	17052	14337
0	13	2	2418	0	3435
0	13	3	6960	15990	14651
0	13	4	1617	15378	14503
0	13	5	7097	0	287
0	13	6	7486	16907	14961
0	13	7	3986	0	1845
0	13	8	8019	0	830
0	13	9	3712	15066	14707
0	13	10	3522	15017	14259
0	13	11	7801	17126	13692
0	13	12	5840	16069	14699
0	13	13	4722	0	2362
0	13	14	3026	14216	13250
0	13	15	5997	0	336
0	13	16	3481	15893	13221
0	13	17	3066	15042	12859
0	13	18	8011	0	97
0	13	19	3710	14811	14612
0	13	20	7534	17057	15558
0	13	21	1491	16410	12018
0	13	22	7020	0	843
0	13	23	612	0	3553
0	13	24	217	0	915
0	13	25	6931	0	1213
0	13	26	7366	15366	15294
0	13	27	666	0	1006
0	13	28	4716	15669	14181
0	13	29	2541	17023	15522
0	13	30	1867	16873	14116
0	13	31	5411	0	275
0	13	32	6291	16366	14900
0	13	33	4910	0	240
0	13	34	2645	14946	13700
0	13	35	339	0	679
0	13	36	492	0	880
0	13	37	4117	0	2953
0	13	38	2194	13426	13312
0	13	39	4006	0	382
0	13	40	5685	14021	13672
0	13	41	7082	13898	13107
0	13	42	2511	14319	13460
0	13	43	7799	0	179
0	13	44	6746	0	732
0	13	45	8026	0	1883
0	13	46	1742	13250	10878
0	13	47	8198	14676	11926
0	13	48	2158	13861	13357
0	13	49	4978	0	199
0	13	50	4317	15399	10391
0	13	51	554	15649	13379
0	13	52	6887	13942	13570
0	13	53	3900	0	1194
0	13	54	4108	16786	14645
0	13	55	3501	0	2528
0	13	56	5412	0	4683
0	13	57	7831	16241	15443
0	13	58	1170	15726	13865
0	13	59	1030	0	479
0	13	60	3636	14134	13329
0	13	61	3873	0	673
0	13	62	2001	15311	14320
0	13	63	7079	15498	15445
0	13	64	7256	17215	14734
0	13	65	1992	15221	12819
0	13	66	3074	0	179
0	13	67	2285	0	1069
0	13	68	7896	14863	12778
0	13	69	398	13542	13176
0	13	70	2762	15077	14944
0	13	71	4026	15438	13443
0	13	72	786	13619	13539
0	13	73	3024	13681	13095
0	13	74	2488	14620	13304
0	13	75	6435	0	1152
0	13	76	5834	14967	12488
0	13	77	7651	13718	12902
0	13	78	5991	13901	13233
0	13	79	4158	13898	13782
0	13	80	7198	17151	13721
0	13	81	5749	0	972
0	13	82	4622	0	158
0	13	83	2366	17108	16562
0	13	84	4772	16976	16296
0	13	85	5910	16748	14981
0	13	86	366	0	1562
0	13	87	1921	15305	14800
0	13	88	7704	18061	15682
0	13	89	835	0	1796
0	13	90	4775	0	2226
0	13	91	6337	0	79
0	13	92	6697	15609	14041
0	13	93	728	14175	13825
0	13	94	7327	15326	15084
0	13	95	3137	0	2831
0	13	96	2524	14357	13965
0	13	97	2211	0	523
0	13	98	5759	17673	14345
0	13	99	3068	14745	13799
0	13	100	7448	17033	14734
0	13	101	6969	0	1031
0	13	102	8446	14617	13841
0	13	103	6079	0	232
0	13	104	7594	16285	12451
0	13	105	8598	0	550
0	13	106	6112	13483	11796
0	13	107	771	0	1654
0	13	108	3187	15141	14349
0	13	109	2466	0	827
0	13	110	712	13995	13604
0	13	111	6888	15338	14069
0	13	112	3973	0	4350
0	13	113	6473	0	1925
0	13	114	280	0	299
0	13	115	2398	0	906
0	13	116	2799	0	644
0	13	117	154	17333	13905
0	13	118	5458	0	44
0	13	119	2396	14540	14480
0	13	120	5117	0	461
0	13	121	721	15667	14671
0	13	122	4379	0	38
0	13	123	3006	0	902
0	13	124	7803	15246	13876
0	13	125	4225	0	1779
0	13	126	7585	16666	13459
0	13	127	7314	0	486
0	13	128	283	14880	12151
0	13	129	7551	13820	13239
0	13	130	7518	13365	13160
0	13	131	534	0	970
0	13	132	6531	0	2469
0	13	133	7053	0	1299
0	13	134	7310	0	535
0	13	135	1111	0	1249
0	13	136	1151	15127	13161
0	13	137	2786	0	996
0	13	138	2744	0	5507
0	13	139	891	14405	14176
0	13	140	6474	0	405
0	13	141	8398	14772	14729
0	13	142	7217	0	3948
0	13	143	3871	15290	14821
0	13	144	8506	0	475
0	13	145	2272	0	625
0	13	146	4794	15091	14748
0	13	147	4301	17034	15017
0	13	148	3294	15071	13325
0	13	149	6406	0	1236
0	13	150	8000	16787	14752
0	13	151	5131	0	3200
0	13	152	4730	0	263
0	13	153	4314	0	1058
0	13	154	1714	15831	14839
0	13	155	1276	0	2760
0	13	156	5125	0	292
0	13	157	6682	0	4287
0	13	158	6492	0	475
0	13	159	7134	0	2316
0	13	160	4376	0	16269
