1	0	0	3142	16002	14352
1	0	1	1666	0	1224
1	0	2	1835	16110	15277
1	0	3	6508	15471	13445
1	0	4	5000	14233	13449
1	0	5	661	0	3904
1	0	6	3685	15953	14349
1	0	7	1554	14507	14203
1	0	8	8590	0	1316
1	0	9	2309	15546	14108
1	0	10	7137	15932	11434
1	0	11	5805	15340	14897
1	0	12	6853	17213	15045
1	0	13	2824	0	988
1	0	14	1116	15919	14681
1	0	15	4422	0	1783
1	0	16	4551	14249	14096
1	0	17	6114	14490	13840
1	0	18	2978	0	128
1	0	19	4783	0	500
1	0	20	2795	0	1175
1	0	21	5477	0	1929
1	0	22	7927	0	1716
1	0	23	430	16669	15123
1	0	24	1663	16881	13791
1	0	25	7191	0	985
1	0	26	6708	0	878
1	0	27	4842	0	1698
1	0	28	3784	15186	12506
1	0	29	8224	0	536
1	0	30	5779	0	2745
1	0	31	1396	0	2876
1	0	32	4993	0	1223
1	0	33	2249	0	372
1	0	34	4315	13506	13138
1	0	35	1425	13202	13034
1	0	36	7453	14675	12834
1	0	37	4879	0	1812
1	0	38	3158	17371	13200
1	0	39	7210	0	1740
1	0	40	5029	15874	13990
1	0	41	1466	0	1723
1	0	42	6054	15647	13163
1	0	43	7055	0	3291
1	0	44	5211	14970	13698
1	0	45	7610	16591	15795
1	0	46	6583	16952	13345
1	0	47	2033	0	1123
1	0	48	2274	0	251
1	0	49	5998	14709	14255
1	0	50	6662	0	749
1	0	51	8055	0	4149
1	0	52	3212	16460	14398
1	0	53	7916	16240	13854
1	0	54	4760	15972	14379
1	0	55	7200	14850	13481
1	0	56	6401	15476	13807
1	0	57	1003	0	519
1	0	58	5743	14529	13446
1	0	59	3708	13683	13633
1	0	60	4063	0	3307
1	0	61	6325	0	652
1	0	62	5668	13667	12761
1	0	63	152	15717	12916
1	0	64	4197	14720	14526
1	0	65	2254	14764	14322
1	0	66	3382	16351	14610
1	0	67	4530	15269	13893
1	0	68	8347	0	4007
1	0	69	7834	13883	13571
1	0	70	7727	0	1784
1	0	71	2858	0	2213
1	0	72	4523	0	1259
1	0	73	761	0	1499
1	0	74	4324	15363	13959
1	0	75	4835	15481	14465
1	0	76	5745	14499	13326
1	0	77	7588	0	2524
1	0	78	2085	0	427
1	0	79	1382	16634	14729
1	0	80	4583	0	675
1	0	81	407	0	1206
1	0	82	6580	16714	15641
1	0	83	425	17122	16303
1	0	84	6446	16325	15052
1	0	85	6091	15506	12786
1	0	86	5969	0	765
1	0	87	4151	14595	13923
1	0	88	8436	14697	13797
1	0	89	6046	0	1057
1	0	90	5934	0	3349
1	0	91	7173	0	3206
1	0	92	8063	15396	12563
1	0	93	1049	0	1525
1	0	94	7944	0	2175
1	0	95	5577	18608	15012
1	0	96	6322	16063	15774
1	0	97	8180	18010	15310
1	0	98	2923	15480	15064
1	0	99	3746	16875	13182
1	0	100	6131	0	18
1	0	101	4897	16259	12249
1	0	102	4657	12889	12543
1	0	103	1257	13377	12989
1	0	104	486	0	559
1	0	105	4526	13783	13540
1	0	106	49	14051	13761
1	0	107	5085	0	906
1	0	108	2629	15844	13800
1	0	109	7341	0	1238
1	0	110	1912	13809	12861
1	0	111	3831	0	2921
1	0	112	6099	0	764
1	0	113	3812	13826	13660
1	0	114	1266	0	338
1	0	115	3489	18153	14614
1	0	116	8132	0	948
1	0	117	2944	0	2162
1	0	118	7600	14101	13808
1	0	119	2820	0	957
1	0	120	1177	15324	12702
1	0	121	1174	13803	11743
1	0	122	952	14436	13572
1	0	123	4954	0	30
1	0	124	2737	0	709
1	0	125	8260	0	471
1	0	126	539	15709	14615
1	0	127	6884	15722	12964
1	0	128	5913	15753	13426
1	0	129	6115	16316	14951
1	0	130	1725	0	924
1	0	131	4684	14789	13376
1	0	132	1787	16448	13971
1	0	133	204	17513	16211
1	0	134	8543	0	2091
1	0	135	7590	0	1612
1	0	136	7807	0	3026
1	0	137	1949	17331	16103
1	0	138	2971	17003	11234
1	0	139	7980	0	87
1	0	140	4003	17371	15738
1	0	141	1764	17521	16656
1	0	142	376	17467	15304
1	0	143	6610	15932	14173
1	0	144	3505	0	1786
1	0	145	5224	13313	13108
1	0	146	6093	13742	13142
1	0	147	1543	0	1114
1	0	148	6139	0	534
1	0	149	7091	15526	13637
1	0	150	7033	0	841
1	0	151	4844	14229	12355
1	0	152	569	0	114
1	0	153	3039	0	1193
1	0	154	5520	0	775
1	0	155	3997	0	2487
1	0	156	2798	0	49
1	0	157	8158	0	2910
1	0	158	3374	14691	14542
1	0	159	7570	16513	12767
1	0	160	4634	0	2530
1	0	161	3680	14806	13025
1	0	162	3987	0	3499
1	0	163	5186	13915	12692
1	0	164	1913	0	1596
1	0	165	6990	0	249
1	0	166	8475	0	2233
1	0	167	50	0	2866
1	0	168	5149	15081	12012
1	0	169	7969	16960	15315
1	0	170	7046	0	481
1	0	171	1902	0	1546
1	0	172	6543	0	1071
1	0	173	8185	0	111
1	0	174	8085	0	1562
1	0	175	2290	0	179
1	0	176	2433	17896	15867
1	0	177	5951	17400	15424
1	0	178	4198	0	1319
1	0	179	2529	17947	14945
1	0	180	3854	0	152
1	0	181	3246	15829	13579
1	0	182	193	0	819
1	0	183	3511	14235	13925
1	0	184	3699	15999	15451
1	0	185	4374	0	553
1	0	186	5126	15176	13863
1	0	187	1489	14384	13176
1	0	188	4299	17089	15889
1	0	189	126	17641	14044
1	0	190	1499	16123	15653
1	0	191	5447	15929	12918
1	0	192	962	14213	13944
1	0	193	7104	0	393
1	0	194	372	0	1131
1	0	195	5486	0	281
1	0	196	3930	0	1026
1	0	197	2200	16145	16025
1	0	198	8579	17660	15015
1	0	199	723	15280	14556
1	0	200	254	0	1066
1	0	201	6096	0	3568
1	0	202	1482	16467	14741
1	0	203	3748	0	1380
1	0	204	8006	0	844
1	0	205	8265	15263	14284
1	0	206	7932	0	1542
1	0	207	4500	0	987
1	0	208	1882	0	1790
1	0	209	489	15002	14493
1	0	210	6626	0	833
1	0	211	1001	13934	13669
1	0	212	8186	0	1504
1	0	213	4782	0	1004
1	0	214	3669	15193	14390
1	0	215	7244	15502	15093
1	0	216	575	0	3080
1	0	217	3781	0	509
1	0	218	4899	18089	15565
1	0	219	8123	16858	15105
1	0	220	1430	0	1712
1	0	221	950	0	1835
1	0	222	1778	17521	15415
1	0	223	3909	17349	14828
1	0	224	6229	14916	13092
1	0	225	2240	15969	14577
1	0	226	7181	0	3800
1	0	227	5626	0	720
1	0	228	93	0	2771
1	0	229	6927	0	240
1	0	230	7656	0	885
1	0	231	3377	0	97
1	0	232	6563	16175	14947
1	0	233	3647	0	2076
1	0	234	6595	15705	15172
1	0	235	4192	0	1207
1	0	236	4518	0	1434
1	0	237	4372	15977	13762
1	0	238	7877	0	409
1	0	239	3642	13606	13472
1	0	240	4485	15132	14332
1	0	241	6950	0	1761
1	0	242	7227	13365	12723
1	0	243	7613	0	420
1	0	244	3846	16114	15914
1	0	245	4715	0	2091
1	0	246	3640	0	2923
1	0	247	5582	0	2481
1	0	248	2675	16965	16364
1	0	249	4596	17084	13747
1	0	250	3724	17710	15470
1	0	251	4902	0	2151
1	0	252	1756	0	974
1	0	253	5252	16442	15042
1	0	254	3714	0	753
1	0	255	6026	15183	15069
1	0	256	2566	0	1656
1	0	257	7159	15978	14223
1	0	258	3378	0	42
1	0	259	3	15281	13670
1	0	260	1840	14338	14009
1	0	261	5798	0	4267
1	0	262	4293	0	2281
1	0	263	1234	15042	14245
1	0	264	6354	0	380
1	0	265	2688	0	408
1	0	266	538	16520	14593
1	0	267	5070	0	127
1	0	268	6196	0	2447
1	0	269	4109	0	2455
1	0	270	6087	14799	13037
1	0	271	4868	0	748
1	0	272	1930	15281	14868
1	0	273	6830	14979	14946
1	0	274	7405	17928	16272
1	0	275	2588	16470	13929
1	0	276	6614	14267	14190
1	0	277	1182	14849	14558
1	0	278	3251	0	1967
1	0	279	651	0	1166
1	0	280	1231	0	595
1	0	281	1809	17318	16157
1	0	282	6407	0	897
1	0	283	7631	0	2888
1	0	284	6427	0	329
1	0	285	5514	14969	11213
1	0	286	292	13541	13164
1	0	287	4695	14156	13848
1	0	288	5566	0	16
1	0	289	158	0	221
1	0	290	7021	14353	14255
1	0	291	5561	16814	13300
1	0	292	5195	14660	13658
1	0	293	77	13776	13494
1	0	294	7263	17781	14813
1	0	295	5030	0	3274
1	0	296	5164	13535	13020
1	0	297	4495	14228	13905
1	0	298	5906	16872	15063
1	0	299	2239	0	1690
1	0	300	6248	0	584
1	0	301	5773	18650	14556
1	0	302	2453	0	2355
1	0	303	2279	0	708
1	0	304	7752	0	1610
1	0	305	8285	0	592
1	0	306	4852	0	1680
1	0	307	6829	14696	13389
1	0	308	4934	13596	12680
1	0	309	7374	13229	12712
1	0	310	1680	15150	14712
1	0	311	8410	0	2265
1	0	312	3512	13004	12982
1	0	313	8534	13571	13065
1	0	314	706	0	253
1	0	315	8143	0	3039
1	0	316	1149	15619	13955
1	0	317	4014	0	3342
1	0	318	2633	0	2665
1	0	319	4618	0	902
1	0	320	4944	17197	15367
1	0	321	2471	0	1325
1	0	322	6361	14728	14699
1	0	323	6820	15789	12267
1	0	324	2650	15368	14355
1	0	325	4936	0	1110
1	0	326	626	0	3363
1	0	327	4659	15430	15326
1	0	328	3151	0	1609
1	0	329	1553	0	137
1	0	330	8529	16054	13772
1	0	331	7759	0	3917
1	0	332	7248	18217	15617
1	0	333	7826	0	3010
1	0	334	1500	0	84
1	0	335	2785	17797	13289
1	0	336	478	15512	13320
1	0	337	7348	14825	14129
1	0	338	6992	0	481
1	0	339	912	16579	14623
1	0	340	5752	15768	13885
1	0	341	2991	0	486
1	0	342	7009	14633	13119
1	0	343	7222	0	1932
1	0	344	7513	15419	14930
1	0	345	4386	0	756
1	0	346	3333	0	180
1	0	347	8372	0	4074
1	0	348	6306	0	544
1	0	349	3789	15779	14411
1	0	350	6700	14715	12869
1	0	351	5828	13698	13127
1	0	352	6029	13141	11432
1	0	353	167	13551	11699
1	0	354	6836	13520	13408
1	0	355	5219	14066	13157
1	0	356	3807	0	1620
1	0	357	3883	0	206
1	0	358	2747	15115	12605
1	0	359	2990	0	368
1	0	360	902	0	768
1	0	361	1789	16852	14735
1	0	362	669	0	1856
1	0	363	5208	15393	12793
1	0	364	3232	13917	13607
1	0	365	7953	0	102
1	0	366	1863	14167	13319
1	0	367	5198	0	910
1	0	368	5933	14833	13725
1	0	369	4654	14973	14179
1	0	370	5216	15170	13231
1	0	371	6677	0	259
1	0	372	917	16090	15394
1	0	373	2550	15875	13789
1	0	374	1708	0	1237
1	0	375	6166	0	463
1	0	376	4820	0	2401
1	0	377	5356	17849	14946
1	0	378	181	0	3279
1	0	379	2528	14009	13335
1	0	380	2233	0	1783
1	0	381	8504	0	2373
1	0	382	4587	0	574
1	0	383	4248	0	677
1	0	384	7680	17293	16552
1	0	385	6687	0	575
1	0	386	7425	17144	16763
1	0	387	7185	16893	13159
1	0	388	8007	0	1846
1	0	389	4641	0	108
1	0	390	5541	0	995
1	0	391	844	13914	12500
1	0	392	1363	0	648
1	0	393	3153	0	1085
1	0	394	5487	0	437
1	0	395	1546	13947	12208
1	0	396	2165	0	298
1	0	397	4800	17541	15469
1	0	398	3218	0	2754
1	0	399	8003	15706	14437
1	0	400	4009	0	70
1	0	401	7446	15569	15055
1	0	402	6013	0	3350
1	0	403	7189	0	509
1	0	404	1679	15690	13968
1	0	405	638	15669	15211
1	0	406	2735	0	1691
1	0	407	3594	0	1200
1	0	408	8387	14355	12486
1	0	409	828	0	5886
1	0	410	2646	0	833
1	0	411	6243	0	1269
1	0	412	3635	16648	14329
1	0	413	3214	0	4141
1	0	414	1181	0	309
1	0	415	8457	16160	14783
1	0	416	4881	17758	14632
1	0	417	301	18333	13037
1	0	418	5270	14082	9435
1	0	419	5491	0	585
1	0	420	3485	0	492
1	0	421	686	0	187
1	0	422	7120	15178	13725
1	0	423	4310	15219	14899
1	0	424	3209	16061	14299
1	0	425	1602	0	626
1	0	426	6993	16260	15245
1	0	427	1070	15769	14641
1	0	428	4509	0	1825
1	0	429	5967	0	114
1	0	430	2210	0	1427
1	0	431	2966	0	634
1	0	432	6160	0	600
1	0	433	1367	14436	14339
1	0	434	7206	14853	13290
1	0	435	2763	0	1860
1	0	436	426	0	419
1	0	437	4857	15585	15064
1	0	438	7531	16472	14457
1	0	439	2449	0	3044
1	0	440	4943	0	1837
1	0	441	7757	0	3592
1	0	442	1484	0	415
1	0	443	2468	16183	15312
1	0	444	1005	15486	14785
1	0	445	7619	0	1351
1	0	446	1412	17455	16702
1	0	447	2929	0	3678
1	0	448	6987	17694	15147
1	0	449	4257	15177	13968
1	0	450	7406	0	1782
1	0	451	4380	0	1575
1	0	452	628	15034	13824
1	0	453	2500	0	1727
1	0	454	464	15353	14198
1	0	455	6631	0	3280
1	0	456	1406	0	2440
1	0	457	5323	0	1417
1	0	458	1213	14130	13411
1	0	459	1503	0	734
1	0	460	5450	18016	15196
1	0	461	6719	15444	14735
1	0	462	132	16521	12809
1	0	463	6510	0	639
1	0	464	972	0	2450
1	0	465	4770	0	511
1	0	466	2880	16964	15526
1	0	467	6479	0	2492
1	0	468	6698	14319	14019
1	0	469	4777	16054	11318
1	0	470	621	0	596
1	0	471	6513	0	837
1	0	472	7000	15025	14220
1	0	473	2067	14314	8618
1	0	474	8203	15927	14391
1	0	475	3641	0	526
1	0	476	8351	16844	13550
1	0	477	2613	14405	13784
1	0	478	4829	0	420
1	0	479	3984	15750	13740
1	0	480	2387	16454	16092
1	0	481	7396	0	3945
1	0	482	1691	15827	15340
1	0	483	7629	15571	14853
1	0	484	4091	0	2973
1	0	485	7029	0	5469
1	0	486	1441	0	1699
1	0	487	5764	0	939
1	0	488	3630	18167	15483
1	0	489	4617	0	990
1	0	490	3897	0	2370
1	0	491	977	0	4612
1	0	492	8400	0	128
1	0	493	1338	0	2901
1	0	494	479	0	3062
1	0	495	272	14313	13409
1	0	496	7892	0	3993
1	0	497	3008	0	1515
1	0	498	5065	14714	14001
1	0	499	7412	16092	9975
1	0	500	5751	16922	15774
1	0	501	1128	0	4403
1	0	502	98	0	793
1	0	503	1025	0	247
1	0	504	6733	0	395
1	0	505	5754	0	2160
1	0	506	8499	0	942
1	0	507	3042	0	2163
1	0	508	8458	17232	16298
1	0	509	2269	0	1115
1	0	510	431	16448	14907
1	0	511	6670	0	2368
1	0	512	1286	0	2322
1	0	513	640	15639	14177
1	0	514	3631	17195	15149
1	0	515	843	0	1296
1	0	516	3135	0	2348
1	0	517	7821	0	865
1	0	518	7490	0	209
1	0	519	1191	13448	13419
1	0	520	441	14090	13410
1	0	521	5706	0	1175
1	0	522	2662	0	1719
1	0	523	5251	17456	16217
1	0	524	7987	0	3934
1	0	525	6664	0	3766
1	0	526	2595	14154	13241
1	0	527	6123	16107	13033
1	0	528	4145	0	666
1	0	529	4283	14507	14420
1	0	530	2514	0	163
1	0	531	3749	0	2786
1	0	532	4645	15793	14995
1	0	533	199	16962	15376
1	0	534	1481	0	3083
1	0	535	7812	0	1448
1	0	536	2073	0	4065
1	0	537	1307	0	1167
1	0	538	169	0	1639
1	0	539	1429	0	2648
1	0	540	1447	17872	15624
1	0	541	8216	16604	13868
1	0	542	4791	15088	13754
1	0	543	1061	15834	14208
1	0	544	3528	15716	15204
1	0	545	1067	0	2097
1	0	546	3959	0	602
1	0	547	5623	0	316
1	0	548	8360	0	3121
1	0	549	4184	14754	13972
1	0	550	4007	0	1481
1	0	551	5040	0	1080
1	0	552	7081	0	2119
1	0	553	312	13724	12186
1	0	554	73	14568	13257
1	0	555	7065	0	2741
1	0	556	2323	13447	13331
1	0	557	849	14186	13070
1	0	558	6800	15015	13986
1	0	559	1431	15600	14352
1	0	560	1154	17125	16064
1	0	561	4480	0	2496
1	0	562	5051	0	139
1	0	563	614	18297	14392
1	0	564	6084	0	899
1	0	565	806	0	123
1	0	566	2807	0	3655
1	0	567	5358	0	1947
1	0	568	576	16678	13126
1	0	569	6417	0	1838
1	0	570	4345	0	1458
1	0	571	4496	14647	13527
1	0	572	8108	0	171
1	0	573	6344	0	411
1	0	574	2325	0	177
1	0	575	5414	0	148
1	0	576	5661	15227	14281
1	0	577	726	15972	15155
1	0	578	4671	17589	15899
1	0	579	6715	16862	15736
1	0	580	6509	16176	13917
1	0	581	8406	14506	14336
1	0	582	2721	14870	13458
1	0	583	2558	18003	11527
1	0	584	6307	13487	13009
1	0	585	6305	15761	14673
1	0	586	6010	14972	13184
1	0	587	6104	0	527
1	0	588	342	0	1981
1	0	589	8215	0	473
1	0	590	7691	0	563
1	0	591	2401	17411	16961
1	0	592	4490	0	3918
1	0	593	5315	14743	13211
1	0	594	5542	13854	13693
1	0	595	6060	0	2166
1	0	596	8558	16004	14885
1	0	597	4354	15006	14263
1	0	598	4295	14917	13316
1	0	599	415	15032	14313
1	0	600	3751	0	256
1	0	601	1561	14969	14405
1	0	602	3217	0	1737
1	0	603	1212	0	3478
1	0	604	5512	0	896
1	0	605	2131	15241	13641
1	0	606	7135	13734	13434
1	0	607	4220	0	1107
1	0	608	6086	16141	14107
1	0	609	1984	14883	13671
1	0	610	8367	15775	14643
1	0	611	3696	0	665
1	0	612	7035	15154	13062
1	0	613	7203	13505	12048
1	0	614	6714	0	1999
1	0	615	889	15300	14954
1	0	616	4598	15404	15033
1	0	617	3617	16178	12811
1	0	618	2635	14678	12722
1	0	619	497	0	373
1	0	620	5776	0	849
1	0	621	5443	15380	15135
1	0	622	2557	17488	14444
1	0	623	8129	14746	13046
1	0	624	6578	14004	12611
1	0	625	803	0	176
1	0	626	2163	0	1818
1	0	627	3157	0	410
1	0	628	2873	14238	13735
1	0	629	3957	16339	14389
1	0	630	900	16542	15172
1	0	631	7342	17376	13232
1	0	632	1050	15209	14726
1	0	633	6295	15962	13589
1	0	634	8480	0	2394
1	0	635	6286	0	722
1	0	636	7060	13680	13357
1	0	637	3111	14642	14086
1	0	638	3282	0	678
1	0	639	471	14484	13536
1	0	640	7299	17437	16564
1	0	641	6217	17873	12931
1	0	642	1470	15186	15161
1	0	643	8181	0	2273
1	0	644	4443	0	2017
1	0	645	6392	0	1000
1	0	646	5942	18022	14315
1	0	647	417	0	2607
1	0	648	6956	0	755
1	0	649	6004	0	2951
1	0	650	1700	15187	13868
1	0	651	749	15265	11998
1	0	652	7305	13511	13459
1	0	653	3195	13970	13864
1	0	654	8162	14768	14570
1	0	655	8276	0	494
1	0	656	4383	0	3283
1	0	657	1611	0	1067
1	0	658	7586	0	1580
1	0	659	1139	15507	15171
1	0	660	932	0	2919
1	0	661	6002	15661	13228
1	0	662	1893	14892	13443
1	0	663	8562	0	209
1	0	664	2912	15293	13624
1	0	665	5258	0	1570
1	0	666	5769	0	2816
1	0	667	5312	0	168
1	0	668	3615	14900	12980
1	0	669	938	13206	13169
1	0	670	5156	13332	13037
1	0	671	2953	0	587
1	0	672	7441	0	788
1	0	673	8303	0	1295
1	0	674	2068	0	713
1	0	675	5989	15060	14318
1	0	676	5480	14370	12309
1	0	677	7643	14731	14506
1	0	678	3815	15462	13143
1	0	679	2748	13300	12487
1	0	680	2679	15767	14720
1	0	681	6707	15910	15806
1	0	682	4682	16483	13281
1	0	683	6036	0	1453
1	0	684	4510	0	185
1	0	685	5333	15166	13517
1	0	686	1573	13534	13512
1	0	687	5651	14051	13029
1	0	688	7269	0	1579
1	0	689	1906	0	2397
1	0	690	4574	14119	13132
1	0	691	1294	14125	13888
1	0	692	7833	15927	15741
1	0	693	3860	16011	13788
1	0	694	7683	0	756
1	0	695	129	0	3196
1	0	696	2264	13177	12956
1	0	697	3652	0	145
1	0	698	4517	0	889
1	0	699	7481	0	630
1	0	700	2939	0	3854
1	0	701	7246	16862	12252
1	0	702	967	14132	12970
1	0	703	2962	13473	13387
1	0	704	1736	0	1868
1	0	705	2570	0	966
1	0	706	2238	16148	14787
1	0	707	3572	0	754
1	0	708	8127	16917	13535
1	0	709	8068	15984	14383
1	0	710	5274	17057	14468
1	0	711	6981	0	958
1	0	712	2357	17570	15847
1	0	713	3381	15910	15452
1	0	714	0	0	1694
1	0	715	2095	0	150
1	0	716	5974	15742	14024
1	0	717	7596	14464	14417
1	0	718	6385	0	985
1	0	719	5780	16001	14556
1	0	720	937	0	4436
1	0	721	3933	0	226
1	0	722	2052	15772	15239
1	0	723	6272	0	35
1	0	724	7080	16627	15535
1	0	725	5854	0	1189
1	0	726	847	0	298
1	0	727	1241	15863	14991
1	0	728	6971	0	652
1	0	729	8469	17867	15847
1	0	730	816	16704	13922
1	0	731	4271	15020	13621
1	0	732	4285	0	2069
1	0	733	6484	15962	13917
1	0	734	3451	0	1088
1	0	735	2740	0	1674
1	0	736	2866	14724	13345
1	0	737	6414	16672	15109
1	0	738	1632	0	3051
1	0	739	4736	0	973
1	0	740	1701	0	249
1	0	741	8067	0	814
1	0	742	5741	15789	13841
1	0	743	4287	0	354
1	0	744	2413	16967	15182
1	0	745	6919	15418	13451
1	0	746	3856	0	152
1	0	747	5322	0	2012
1	0	748	455	14719	13959
1	0	749	6137	0	448
1	0	750	4423	0	1314
1	0	751	5361	0	574
1	0	752	2199	0	343
1	0	753	1864	0	951
1	0	754	1703	16269	14679
1	0	755	46	0	1771
1	0	756	145	0	597
1	0	757	5777	14096	12531
1	0	758	7124	0	1668
1	0	759	6425	15232	13627
1	0	760	636	14669	14634
1	0	761	608	0	785
1	0	762	3728	16837	14399
1	0	763	7813	14931	13141
1	0	764	6447	0	1316
1	0	765	1799	0	518
1	0	766	6833	16445	13557
1	0	767	1180	0	505
1	0	768	344	0	3359
1	0	769	7780	14199	13587
1	0	770	7067	15227	14678
1	0	771	3160	16202	13698
1	0	772	3238	0	455
1	0	773	5463	0	84
1	0	774	6290	0	1071
1	0	775	6750	0	1959
1	0	776	7351	0	164
1	0	777	6569	18522	14525
1	0	778	2415	0	2661
1	0	779	2691	0	1524
1	0	780	2536	0	783
1	0	781	1141	15202	11539
1	0	782	5986	0	702
1	0	783	4400	15651	14371
1	0	784	8560	0	1735
1	0	785	6294	14162	13853
1	0	786	1358	17340	14196
1	0	787	7479	0	1973
1	0	788	3355	0	304
1	0	789	3588	14899	13743
1	0	790	7219	74	367
1	0	791	3285	14535	12071
1	0	792	5236	14541	14137
1	0	793	2887	0	2227
1	0	794	2965	14568	14337
1	0	795	4434	0	879
1	0	796	2010	16147	13981
1	0	797	2548	0	742
1	0	798	2916	18046	15371
1	0	799	6469	17141	14990
1	0	800	3628	15687	13650
1	0	801	7340	15968	15169
1	0	802	4698	0	2867
1	0	803	4323	15899	15143
1	0	804	6651	15218	13274
1	0	805	7085	0	1674
1	0	806	8120	0	377
1	0	807	7564	17449	12680
1	0	808	1741	16259	14704
1	0	809	1592	0	1162
1	0	810	233	15324	14591
1	0	811	1246	0	812
1	0	812	2412	0	610
1	0	813	4612	0	1993
1	0	814	1400	0	1485
1	0	815	6170	16923	16775
1	0	816	6431	17423	15598
1	0	817	8415	16827	15229
1	0	818	6974	16282	14238
1	0	819	2487	0	31
1	0	820	3596	0	1021
1	0	821	8154	0	1820
1	0	822	4869	14707	13109
1	0	823	6638	0	14957
